0, M, 1499291, 0
1, S, 1558535, 6730
2, G, 1568829, 9374
3, I, 1576656, 15033
4, A, 1578990, 9372
5, L, 1579996, 8541
6, S, 1580581, 50416
7, R, 1581597, 12860
8, L, 1581753, 10516
9, A, 1581902, 15663
10, Q, 1582210, 18310
11, E, 1582393, 23894
12, R, 1582052, 20731
13, K, 1582226, 18068
14, A, 1584893, 14325
15, W, 1584976, 39642
16, R, 1585045, 28460
17, K, 1584969, 29791
18, D, 1584747, 18362
19, H, 1584744, 22239
20, P, 1584990, 7849
21, F, 1585057, 22741
22, G, 1584271, 9392
23, F, 1584247, 17645
24, V, 1583742, 14254
25, A, 1583726, 12113
26, V, 1583696, 14840
27, P, 1583681, 13952
28, T, 1583421, 17971
29, K, 4106349, 20324
30, N, 4180236, 32665
31, P, 4192243, 21402
32, D, 4197065, 28874
33, G, 4197315, 32906
34, T, 4197699, 44681
35, M, 4198285, 69203
36, N, 4196151, 74657
37, L, 4186791, 28647
38, M, 4182326, 38483
39, N, 4178194, 33148
40, W, 4164045, 25189
41, E, 4114857, 27873
42, C, 2618013, 30041
43, A, 2617749, 19646
44, I, 2617741, 26704
45, P, 2617729, 21370
46, G, 2617737, 9781
47, K, 2617726, 36508
48, K, 2617700, 33094
49, G, 2617731, 21840
50, T, 2617674, 37895
51, P, 2617647, 82109
52, W, 2617638, 28520
53, E, 2617622, 30640
54, G, 2617609, 22029
55, G, 2617556, 12684
56, L, 2617551, 19183
57, F, 2617542, 25347
58, K, 2617283, 61815
59, L, 2617233, 43876
60, R, 2617184, 42929
61, M, 2617030, 47746
62, L, 4758443, 46674
63, F, 4918208, 28587
64, K, 4939074, 35124
65, D, 4942548, 71480
66, D, 4943902, 136970
67, Y, 4945450, 95354
68, P, 4945500, 44999
69, S, 4945776, 28142
70, S, 4945307, 37585
71, P, 4944226, 42534
72, P, 4943580, 49894
73, K, 4941060, 129724
74, C, 4934663, 178544
75, K, 4928450, 160922
76, F, 4886714, 64143
77, E, 4765691, 34235
78, P, 2334970, 28083
79, P, 2331797, 26601
80, L, 2331783, 63615
81, F, 2331734, 80765
82, H, 2331741, 30770
83, P, 2331734, 19933
84, N, 2331723, 21166
85, V, 2331677, 19326
86, Y, 2331667, 26138
87, P, 2331615, 9416
88, S, 2331588, 16844
89, G, 2331575, 11039
90, T, 2331298, 17709
91, V, 2331270, 17569
92, C, 2331202, 23196
93, L, 2331184, 17049
94, S, 2331268, 27327
95, I, 2331260, 21614
96, L, 2331209, 12899
97, E, 2331054, 20076
98, E, 2331010, 18014
99, D, 3620041, 16925
100, K, 3831047, 30172
101, D, 3867594, 32413
102, W, 3880159, 46389
103, R, 3884336, 49931
104, P, 3886858, 48600
105, A, 3887702, 52095
106, I, 3887456, 43004
107, T, 3885754, 36103
108, I, 3880076, 44439
109, K, 3872938, 50963
110, Q, 3848928, 36081
111, I, 3720770, 51654
112, L, 1560475, 39243
113, L, 1560492, 42137
114, G, 1560497, 10899
115, I, 1560459, 21391
116, Q, 1560442, 30309
117, E, 1560464, 35164
118, L, 1560450, 37517
119, L, 1560446, 38800
120, N, 1560434, 78306
121, E, 1560413, 79998
122, P, 1560405, 35793
123, N, 1560391, 39860
124, I, 1560359, 40537
125, Q, 1560287, 49157
126, D, 1560281, 31568
127, P, 1560271, 12174
128, A, 1560252, 12831
129, Q, 1560216, 16835
130, A, 1560167, 23996
131, E, 1560018, 24312
132, A, 1559877, 25847
133, Y, 1559855, 31475
134, T, 1559804, 22371
135, I, 2859021, 19664
136, Y, 2934832, 25963
137, C, 2940969, 19537
138, Q, 2945031, 19989
139, N, 2945825, 18785
140, R, 2946049, 39071
141, V, 2945845, 59591
142, E, 2945579, 44828
143, Y, 2944060, 42416
144, E, 2942987, 25062
145, K, 2940753, 19781
146, R, 2929271, 26521
147, V, 2909359, 65964
148, R, 2822343, 12410
149, A, 1387556, 23362
150, Q, 1387581, 12428
151, A, 1387568, 14562
152, K, 1387519, 13791
153, K, 1387415, 16623
154, F, 1387350, 11925
155, A, 1387287, 13714
156, P, 1387448, 10269
157, S, 1387322, 10885
158, Y, 1387212, 2142
159, P, 1387061, 3673
160, T, 1386598, 1407
161, F, 1386382, 1408
162, L, 1385661, 1063
163, Y, 1384670, 1506
164, K, 1382731, 928
165, V, 1373605, 829
166, V, 1362800, 1027
167, *, 1321626, 0
