0, M, 1657344, 0
1, S, 1720336, 3267
2, G, 1731468, 5986
3, I, 1740284, 7379
4, A, 1742933, 12048
5, L, 1744239, 3029
6, S, 1745053, 16632
7, R, 1746171, 2040
8, L, 1746367, 1430
9, A, 1746530, 8225
10, Q, 1746715, 16119
11, E, 1746807, 3687
12, R, 1746439, 3277
13, K, 1746362, 15990
14, A, 1746506, 15062
15, W, 1746349, 6754
16, R, 1746347, 3819
17, K, 1746247, 11892
18, D, 1746060, 10393
19, H, 1746051, 5229
20, P, 1745938, 1751
21, F, 1745908, 3139
22, G, 1745086, 3804
23, F, 1745058, 3890
24, V, 1744523, 5104
25, A, 1744477, 3656
26, V, 1744452, 6670
27, P, 1744378, 4288
28, T, 1743996, 22074
29, K, 4973827, 15746
30, N, 5066477, 20385
31, P, 5082310, 23649
32, D, 5088086, 10784
33, G, 5088654, 15538
34, T, 5089174, 21980
35, M, 5089994, 27020
36, N, 5087812, 90107
37, L, 5077589, 9207
38, M, 5072656, 31560
39, N, 5068327, 46094
40, W, 5052698, 9411
41, E, 4998483, 24224
42, C, 3350946, 12900
43, A, 3350881, 15124
44, I, 3350851, 21118
45, P, 3350857, 7966
46, G, 3350854, 5159
47, K, 3350851, 31012
48, K, 3350856, 36757
49, G, 3350875, 27368
50, T, 3350846, 10149
51, P, 3350823, 85491
52, W, 3350819, 6755
53, E, 3350800, 17314
54, G, 3350789, 11834
55, G, 3350768, 4385
56, L, 3350760, 11976
57, F, 3350757, 7477
58, K, 3350641, 51566
59, L, 3350581, 15891
60, R, 3350530, 30147
61, M, 3350445, 22354
62, L, 5051845, 40727
63, F, 5178426, 11262
64, K, 5194972, 63641
65, D, 5197572, 46815
66, D, 5198118, 129373
67, Y, 5199217, 12163
68, P, 5198866, 7494
69, S, 5198851, 17515
70, S, 5198184, 28046
71, P, 5196817, 18467
72, P, 5195889, 20761
73, K, 5192731, 239231
74, C, 5184352, 142003
75, K, 5176494, 258682
76, F, 5121717, 8473
77, E, 4966033, 26456
78, P, 1855392, 35128
79, P, 1851866, 14262
80, L, 1851856, 19360
81, F, 1851854, 6464
82, H, 1851865, 3051
83, P, 1851853, 14996
84, N, 1851843, 2284
85, V, 1851821, 4524
86, Y, 1851819, 3807
87, P, 1851781, 9143
88, S, 1851771, 7889
89, G, 1851765, 2139
90, T, 1851719, 31136
91, V, 1851701, 3970
92, C, 1851691, 3048
93, L, 1851680, 1801
94, S, 1851657, 3663
95, I, 1851654, 29525
96, L, 1851624, 8523
97, E, 1851516, 67953
98, E, 1851478, 19205
99, D, 3627308, 17819
100, K, 3919755, 18919
101, D, 3969836, 22677
102, W, 3987158, 9005
103, R, 3993345, 11323
104, P, 3997135, 11381
105, A, 3998660, 28421
106, I, 3998820, 45021
107, T, 3997657, 84345
108, I, 3993480, 19289
109, K, 3987866, 21116
110, Q, 3968538, 81270
111, I, 3866181, 95314
112, L, 2150993, 15614
113, L, 2151012, 46762
114, G, 2151020, 3683
115, I, 2150975, 34391
116, Q, 2150972, 23869
117, E, 2150992, 25820
118, L, 2150966, 23454
119, L, 2150962, 7369
120, N, 2150956, 69986
121, E, 2150936, 67062
122, P, 2150930, 4467
123, N, 2150918, 8040
124, I, 2150878, 16509
125, Q, 2150852, 54936
126, D, 2150839, 39330
127, P, 2150827, 8296
128, A, 2150804, 2375
129, Q, 2150774, 12003
130, A, 2150716, 17535
131, E, 2150692, 14325
132, A, 2150671, 9577
133, Y, 2150641, 8661
134, T, 2150571, 19565
135, I, 5231117, 16812
136, Y, 5413702, 6802
137, C, 5428390, 26387
138, Q, 5437967, 22144
139, N, 5440035, 21667
140, R, 5440818, 36651
141, V, 5440674, 136618
142, E, 5440439, 46270
143, Y, 5438479, 9843
144, E, 5436993, 38582
145, K, 5434020, 42460
146, R, 5417418, 32352
147, V, 5390394, 81183
148, R, 5267319, 11251
149, A, 3292400, 38016
150, Q, 3292318, 4374
151, A, 3292323, 8723
152, K, 3292217, 32172
153, K, 3291967, 24768
154, F, 3291796, 16395
155, A, 3291689, 21391
156, P, 3291545, 16328
157, S, 3291231, 37112
158, Y, 3291808, 5025
159, P, 3291489, 5796
160, T, 3290423, 2755
161, F, 3289896, 3209
162, L, 3288221, 2211
163, Y, 3285813, 3170
164, K, 3281120, 2158
165, V, 3258340, 1779
166, V, 3232166, 2249
167, *, 3133362, 0
