0, M, 2828709, 0
1, E, 3100806, 27415
2, H, 3154953, 31745
3, A, 3170429, 25839
4, F, 3180967, 44820
5, T, 3184664, 35650
6, P, 3185573, 65172
7, L, 3187044, 29216
8, E, 3188108, 55512
9, P, 3188568, 35723
10, L, 3187813, 32794
11, L, 3188093, 44171
12, S, 3188249, 34689
13, T, 3188339, 53812
14, G, 3188285, 62950
15, N, 3188335, 46006
16, L, 3188340, 15871
17, K, 3188214, 28641
18, Y, 3188190, 26757
19, C, 3188323, 28948
20, L, 3188204, 39540
21, V, 3188172, 44350
22, I, 3187980, 67066
23, L, 3187920, 79109
24, N, 3187839, 23116
25, Q, 3186699, 27552
26, P, 6015331, 32885
27, L, 6255022, 26688
28, D, 6286620, 52486
29, N, 6299064, 66296
30, Y, 6301535, 31201
31, F, 6301896, 39979
32, R, 6301006, 23698
33, H, 6299519, 43531
34, L, 6298641, 84638
35, W, 6296984, 57347
36, N, 6294684, 47542
37, K, 6291852, 31859
38, A, 6284641, 20021
39, L, 6271986, 33088
40, L, 6226776, 11985
41, R, 6078612, 26278
42, A, 3118882, 20612
43, C, 3118806, 37127
44, A, 3118859, 26598
45, D, 3118862, 26043
46, G, 3118857, 28492
47, G, 3118680, 29709
48, A, 3118686, 56819
49, N, 3120886, 59972
50, R, 3121102, 17395
51, L, 3121143, 30688
52, Y, 3121142, 23564
53, D, 3121126, 30333
54, I, 3121108, 31893
55, T, 3121088, 38637
56, E, 3121071, 23750
57, G, 3121568, 15712
58, E, 3121526, 31378
59, R, 5907978, 25952
60, E, 6270220, 78970
61, S, 6336565, 63061
62, F, 6367805, 31935
63, L, 6379091, 58559
64, P, 6382214, 62180
65, E, 6383768, 41505
66, F, 6384457, 46888
67, I, 6384495, 57338
68, N, 6384234, 47718
69, G, 6383528, 25061
70, D, 6380478, 36105
71, F, 6377309, 35716
72, D, 6372434, 31901
73, S, 6361337, 37372
74, I, 6327333, 22130
75, R, 6212078, 35839
76, P, 3265569, 29783
77, E, 3264971, 30007
78, V, 3265023, 40985
79, R, 3265035, 30553
80, E, 3265013, 27031
81, Y, 3264991, 41351
82, Y, 3264919, 30503
83, A, 3264884, 28193
84, T, 3264867, 25567
85, K, 3264802, 32023
86, G, 3264571, 27891
87, C, 3264518, 31934
88, E, 3264457, 43298
89, L, 3264393, 53932
90, I, 3264303, 20468
91, S, 3264127, 31789
92, T, 3263996, 24290
93, P, 3264226, 60066
94, D, 6137126, 34387
95, Q, 6240873, 33642
96, D, 6258434, 57781
97, H, 6264293, 40003
98, T, 6266656, 35691
99, D, 6267479, 38941
100, F, 6267621, 62141
101, T, 6267019, 50523
102, K, 6265526, 63088
103, C, 6263200, 56866
104, L, 6260519, 36276
105, K, 6253896, 26992
106, M, 6233164, 34728
107, L, 6170014, 45707
108, Q, 6032182, 48521
109, K, 3007108, 58403
110, K, 3005140, 36792
111, I, 3005136, 46891
112, E, 3004856, 50589
113, E, 3004852, 22805
114, K, 3004833, 18604
115, D, 3004815, 33192
116, L, 3004781, 22978
117, K, 3004741, 36897
118, V, 3004609, 22693
119, D, 3003590, 25386
120, V, 3003533, 48938
121, I, 3002440, 43860
122, V, 3001993, 33503
123, T, 3001553, 48904
124, L, 3001308, 19149
125, G, 3001158, 32642
126, G, 3001014, 25027
127, L, 3000800, 37027
128, A, 3000682, 23975
129, G, 5567040, 28438
130, R, 5869644, 23329
131, F, 5905941, 52888
132, D, 5914188, 66518
133, Q, 5916793, 52679
134, I, 5917695, 78612
135, M, 5916966, 88973
136, A, 5915321, 38216
137, S, 5913461, 39985
138, V, 5910752, 23128
139, N, 5904640, 37817
140, T, 5888656, 34231
141, L, 5848952, 19093
142, F, 5643703, 44207
143, Q, 2923436, 26034
144, A, 2919623, 20177
145, T, 2919651, 36863
146, H, 2919661, 30718
147, I, 2919660, 26733
148, T, 2919653, 26058
149, P, 2919847, 34468
150, F, 2919920, 35867
151, P, 2919916, 19783
152, I, 2919966, 11595
153, I, 2919954, 13081
154, I, 2919933, 15063
155, I, 2919889, 16866
156, Q, 2919861, 18961
157, E, 2919829, 38512
158, E, 2919766, 25663
159, S, 2919718, 20394
160, L, 2919680, 27230
161, I, 2919628, 28237
162, Y, 2919618, 25012
163, L, 2919533, 19598
164, L, 2919451, 22234
165, Q, 2919410, 31129
166, P, 5722556, 19136
167, G, 6000956, 16601
168, K, 6050373, 46733
169, H, 6066703, 31844
170, R, 6073576, 35639
171, L, 6076062, 53502
172, H, 6077588, 51488
173, V, 6077287, 24499
174, D, 6075774, 62430
175, T, 6072245, 44491
176, G, 6065880, 16935
177, M, 6043658, 42119
178, E, 5966644, 39206
179, G, 3161895, 37100
180, D, 3160107, 41191
181, W, 3156143, 33769
182, C, 3155990, 53503
183, G, 3150112, 41526
184, L, 3150024, 35998
185, I, 3149965, 21972
186, P, 3149941, 26917
187, V, 3149757, 26609
188, G, 3149182, 29557
189, Q, 3149065, 37549
190, P, 3148803, 36891
191, C, 3148780, 22365
192, S, 3148765, 23404
193, Q, 3148661, 29234
194, V, 3148598, 26686
195, T, 3148556, 20049
196, T, 3148509, 37648
197, T, 3148817, 28879
198, G, 3149650, 22160
199, L, 3149563, 31263
200, K, 3149408, 31369
201, W, 3149319, 34451
202, N, 5383053, 50656
203, L, 6064359, 35434
204, T, 6113025, 35642
205, N, 6129983, 47143
206, D, 6136459, 41880
207, V, 6137383, 27147
208, L, 6136810, 43641
209, A, 6135393, 20846
210, F, 6132476, 30837
211, G, 6125090, 32577
212, T, 6112368, 38302
213, L, 6085893, 24275
214, V, 5997865, 37428
215, S, 5683338, 31256
216, T, 2996768, 23685
217, S, 2996757, 30557
218, N, 2996746, 33344
219, T, 2996700, 32173
220, Y, 2996645, 29134
221, D, 2996561, 35948
222, G, 2996029, 38910
223, S, 2995997, 33739
224, G, 2995817, 29327
225, V, 2995727, 52584
226, V, 2995614, 19078
227, T, 2995472, 29799
228, V, 2995211, 25679
229, E, 2994914, 36673
230, T, 2994597, 29552
231, D, 2994031, 40267
232, H, 2993495, 51644
233, P, 2993052, 40471
234, L, 2992414, 17859
235, L, 2991279, 26295
236, W, 2993961, 50233
237, T, 2990983, 52949
238, M, 2988495, 41597
239, A, 2983940, 33124
240, I, 2972114, 23397
241, K, 2953622, 36511
242, S, 2896360, 29270
243, *, 2632535, 0
