0, M, 1462872, 0
1, E, 1573155, 5887
2, H, 1597042, 18316
3, A, 1604980, 18569
4, F, 1610128, 25023
5, T, 1612019, 12375
6, P, 1612619, 5763
7, L, 1613271, 21960
8, E, 1613833, 22746
9, P, 1614037, 8362
10, L, 1613768, 5681
11, L, 1613903, 6166
12, S, 1613968, 15778
13, T, 1614022, 19303
14, G, 1613982, 13622
15, N, 1614009, 14055
16, L, 1614032, 6291
17, K, 1613970, 22387
18, Y, 1613951, 20514
19, C, 1613925, 4900
20, L, 1613866, 11360
21, V, 1613850, 15630
22, I, 1613736, 44259
23, L, 1613705, 21829
24, N, 1613652, 16233
25, Q, 1613022, 18729
26, P, 3958154, 5959
27, L, 4151942, 24535
28, D, 4179252, 65201
29, N, 4190099, 45968
30, Y, 4192368, 16524
31, F, 4192895, 15927
32, R, 4192593, 13543
33, H, 4191815, 20004
34, L, 4191326, 34187
35, W, 4190511, 25939
36, N, 4189297, 43493
37, K, 4187827, 28069
38, A, 4183945, 6659
39, L, 4177050, 36172
40, L, 4152273, 5947
41, R, 4072721, 7184
42, A, 2582472, 17943
43, C, 2582421, 10763
44, A, 2582423, 32055
45, D, 2582424, 5362
46, G, 2582420, 14590
47, G, 2582423, 17452
48, A, 2582419, 26880
49, N, 2582449, 41029
50, R, 2582448, 16087
51, L, 2582447, 14666
52, Y, 2582444, 3678
53, D, 2582421, 16226
54, I, 2582409, 19439
55, T, 2582398, 32666
56, E, 2582382, 7832
57, G, 2582362, 8799
58, E, 2582317, 16169
59, R, 3879583, 4526
60, E, 4066992, 35080
61, S, 4102448, 29923
62, F, 4118629, 14001
63, L, 4124723, 30579
64, P, 4126310, 9327
65, E, 4127012, 28331
66, F, 4127267, 27752
67, I, 4127144, 21311
68, N, 4126734, 23056
69, G, 4126061, 6272
70, D, 4123447, 8598
71, F, 4120603, 19867
72, D, 4116406, 7522
73, S, 4106690, 11107
74, I, 4074722, 9587
75, R, 3967777, 10246
76, P, 1546556, 7726
77, E, 1546545, 6811
78, V, 1546541, 11666
79, R, 1546548, 9610
80, E, 1546537, 6546
81, Y, 1546528, 11761
82, Y, 1546496, 5631
83, A, 1546478, 10682
84, T, 1546470, 4625
85, K, 1546442, 11249
86, G, 1546405, 10267
87, C, 1546384, 9333
88, E, 1546353, 12393
89, L, 1546318, 19175
90, I, 1546269, 13367
91, S, 1546203, 13152
92, T, 1546152, 13210
93, P, 1546125, 57288
94, D, 3822282, 15638
95, Q, 3908879, 14559
96, D, 3923516, 29728
97, H, 3928483, 19905
98, T, 3930507, 28407
99, D, 3931307, 12103
100, F, 3931637, 36952
101, T, 3931516, 36060
102, K, 3930880, 12402
103, C, 3929865, 25756
104, L, 3929767, 12688
105, K, 3926520, 11705
106, M, 3916007, 17758
107, L, 3885308, 13583
108, Q, 3817107, 16562
109, K, 2388571, 29236
110, K, 2388455, 53390
111, I, 2388454, 29005
112, E, 2388450, 22657
113, E, 2388446, 6881
114, K, 2388436, 13617
115, D, 2388422, 14018
116, L, 2388403, 12986
117, K, 2388376, 17942
118, V, 2388334, 8629
119, D, 2388294, 6846
120, V, 2388274, 31389
121, I, 2388230, 26802
122, V, 2388178, 21109
123, T, 2388097, 26479
124, L, 2388042, 38434
125, G, 2387956, 13377
126, G, 2387913, 10060
127, L, 2387779, 28421
128, A, 2387685, 32269
129, G, 4112178, 13381
130, R, 4296355, 29912
131, F, 4320330, 36022
132, D, 4326177, 57022
133, Q, 4327913, 15988
134, I, 4328411, 52116
135, M, 4327862, 32869
136, A, 4326322, 19040
137, S, 4324681, 11060
138, V, 4322202, 14819
139, N, 4316908, 24769
140, T, 4302992, 33169
141, L, 4266090, 10373
142, F, 4091734, 25687
143, Q, 1945767, 7947
144, A, 1943244, 13270
145, T, 1943243, 19243
146, H, 1943246, 13756
147, I, 1943241, 14579
148, T, 1943240, 12007
149, P, 1943239, 11700
150, F, 1943226, 19902
151, P, 1943214, 5820
152, I, 1943202, 3358
153, I, 1943188, 20806
154, I, 1943166, 19145
155, I, 1943145, 7291
156, Q, 1943122, 9012
157, E, 1943098, 49693
158, E, 1943067, 19720
159, S, 1943035, 20301
160, L, 1943005, 3428
161, I, 1942960, 17208
162, Y, 1942904, 20890
163, L, 1942851, 13536
164, L, 1942809, 2752
165, Q, 1942923, 11314
166, P, 3936693, 4414
167, G, 4154614, 5597
168, K, 4193470, 29870
169, H, 4206477, 10592
170, R, 4211790, 13192
171, L, 4213602, 28360
172, H, 4214803, 41968
173, V, 4214524, 6743
174, D, 4213343, 38241
175, T, 4210750, 9456
176, G, 4205827, 8463
177, M, 4189331, 19404
178, E, 4131511, 10172
179, G, 2275101, 13921
180, D, 2275101, 25382
181, W, 2275036, 38461
182, C, 2275052, 12952
183, G, 2274878, 11598
184, L, 2274883, 30875
185, I, 2274893, 11782
186, P, 2274893, 5968
187, V, 2274885, 15559
188, G, 2274867, 10573
189, Q, 2274862, 17979
190, P, 2274847, 30964
191, C, 2274839, 12668
192, S, 2274828, 12835
193, Q, 2274803, 12820
194, V, 2274752, 14739
195, T, 2274716, 6829
196, T, 2274670, 15581
197, T, 2274676, 6876
198, G, 2274634, 5226
199, L, 2274525, 5603
200, K, 2274403, 11521
201, W, 2274153, 41431
202, N, 3327205, 13418
203, L, 3671403, 27376
204, T, 3695127, 23082
205, N, 3702761, 32646
206, D, 3705353, 21614
207, V, 3705431, 15258
208, L, 3704673, 26928
209, A, 3703472, 9150
210, F, 3701095, 12217
211, G, 3695693, 11537
212, T, 3685293, 24723
213, L, 3663550, 9765
214, V, 3591687, 31815
215, S, 3334252, 22656
216, T, 1437166, 21223
217, S, 1437165, 5532
218, N, 1437153, 20967
219, T, 1437134, 12056
220, Y, 1437118, 6347
221, D, 1437086, 12187
222, G, 1437049, 11432
223, S, 1437036, 6615
224, G, 1436993, 7751
225, V, 1436936, 13082
226, V, 1436896, 2353
227, T, 1436813, 7192
228, V, 1436696, 5176
229, E, 1436593, 13573
230, T, 1436434, 8591
231, D, 1436169, 19277
232, H, 1435929, 18471
233, P, 1435695, 14153
234, L, 1435369, 5181
235, L, 1434826, 5253
236, W, 1433922, 8943
237, T, 1432529, 29422
238, M, 1430936, 13303
239, A, 1428148, 29940
240, I, 1422240, 3555
241, K, 1412955, 14454
242, S, 1384998, 5538
243, *, 1257518, 0
