0, M, 401912, 0
1, P, 413257, 385
2, I, 416443, 195
3, A, 417526, 489
4, T, 418163, 152
5, S, 418700, 140
6, T, 418844, 196
7, G, 418901, 5523
8, D, 418926, 1241
9, N, 419022, 8450
10, V, 419064, 4118
11, L, 419064, 2398
12, D, 419110, 5463
13, F, 419025, 4750
14, T, 419041, 3029
15, V, 419047, 3774
16, L, 419047, 749
17, G, 419046, 2157
18, L, 419053, 1222
19, N, 419047, 3957
20, S, 419054, 1179
21, G, 419056, 3475
22, T, 419056, 799
23, S, 419054, 9057
24, M, 419066, 3679
25, D, 419084, 5668
26, G, 418254, 3006
27, I, 418268, 7164
28, D, 418259, 9965
29, C, 418261, 1422
30, A, 418253, 2064
31, L, 418252, 1100
32, C, 418252, 4044
33, H, 418257, 3487
34, F, 418242, 1323
35, Y, 418238, 8304
36, Q, 418218, 4546
37, K, 418215, 4575
38, T, 418216, 2583
39, P, 418211, 1052
40, D, 418209, 1501
41, A, 418209, 3002
42, P, 418207, 1903
43, M, 418176, 5462
44, E, 417000, 2105
45, F, 416978, 1449
46, E, 416970, 1364
47, L, 416966, 897
48, L, 416949, 2115
49, E, 416946, 12284
50, Y, 416941, 3215
51, G, 416933, 4315
52, E, 416930, 2743
53, V, 416923, 1260
54, P, 416897, 1230
55, L, 416863, 1040
56, A, 416840, 1527
57, Q, 416837, 702
58, P, 416835, 490
59, I, 416827, 495
60, K, 416807, 2074
61, Q, 416757, 854
62, R, 416745, 1865
63, V, 416735, 1487
64, M, 416734, 2836
65, R, 416547, 2012
66, M, 416531, 3007
67, I, 416520, 1387
68, L, 416517, 4912
69, E, 416478, 5131
70, D, 416326, 1822
71, T, 416306, 603
72, T, 416281, 1248
73, S, 416265, 414
74, P, 416255, 778
75, S, 416239, 672
76, E, 416183, 569
77, L, 415986, 805
78, S, 415931, 1437
79, E, 415849, 860
80, V, 415779, 834
81, N, 415684, 1730
82, V, 415489, 204
83, I, 415395, 922
84, L, 415341, 576
85, G, 415258, 1240
86, E, 415098, 3733
87, H, 414600, 1590
88, F, 413874, 855
89, A, 413081, 556
90, D, 412344, 929
91, A, 411497, 1168
92, V, 411381, 818
93, R, 411342, 660
94, Q, 411065, 541
95, F, 411002, 377
96, A, 410971, 1530
97, A, 410886, 1886
98, E, 410255, 1853
99, R, 410157, 911
100, N, 409990, 2067
101, V, 409829, 1242
102, D, 409667, 2696
103, L, 409426, 2530
104, S, 408798, 1493
105, T, 718046, 1572
106, I, 723344, 3079
107, D, 724316, 3578
108, A, 723739, 3011
109, I, 722988, 1544
110, A, 720825, 1482
111, S, 718711, 910
112, H, 713954, 1190
113, G, 702297, 2769
114, Q, 318253, 2229
115, T, 318260, 593
116, I, 318262, 1024
117, W, 318263, 679
118, L, 318266, 859
119, L, 318265, 1186
120, S, 318266, 965
121, M, 318267, 2620
122, P, 318267, 750
123, E, 318271, 2227
124, E, 318273, 2777
125, G, 318278, 2239
126, Q, 318278, 1994
127, V, 318279, 863
128, K, 318279, 1411
129, S, 318280, 872
130, A, 318278, 1070
131, L, 318278, 1175
132, T, 318277, 1181
133, M, 318278, 974
134, A, 318282, 3346
135, E, 318281, 3976
136, G, 318282, 1621
137, A, 318291, 2805
138, I, 318324, 989
139, L, 318333, 880
140, A, 318336, 3483
141, S, 318336, 1086
142, R, 318342, 1252
143, T, 318349, 980
144, G, 318354, 1566
145, I, 318363, 3028
146, T, 318372, 1264
147, S, 318377, 1448
148, I, 318381, 1120
149, T, 318381, 476
150, D, 318380, 2660
151, F, 318382, 813
152, R, 318386, 2220
153, I, 318386, 891
154, S, 318384, 372
155, D, 318375, 1304
156, Q, 318374, 1237
157, A, 318370, 4038
158, A, 318369, 1570
159, G, 318369, 1135
160, R, 318371, 643
161, Q, 318370, 2634
162, G, 318371, 1212
163, A, 318372, 2161
164, P, 318369, 422
165, L, 318360, 1227
166, I, 318361, 3430
167, A, 318360, 2513
168, F, 318343, 3634
169, F, 318342, 2532
170, D, 318329, 2772
171, A, 318328, 1807
172, L, 318322, 2466
173, L, 318311, 2847
174, L, 318297, 3053
175, H, 318296, 1274
176, H, 318284, 1549
177, P, 318268, 980
178, T, 318254, 3632
179, K, 318237, 2466
180, L, 318228, 2088
181, R, 318204, 1382
182, A, 318197, 3182
183, C, 318186, 2673
184, Q, 318167, 1325
185, N, 318157, 2285
186, I, 318142, 2260
187, G, 318127, 458
188, G, 318110, 290
189, I, 318092, 642
190, A, 318083, 451
191, N, 318066, 725
192, V, 318056, 483
193, C, 318012, 1390
194, F, 317944, 2227
195, I, 317853, 2322
196, P, 317763, 650
197, P, 317692, 1378
198, D, 317634, 1629
199, V, 317580, 1011
200, D, 317464, 2409
201, G, 317381, 870
202, R, 317243, 955
203, R, 317030, 645
204, T, 316792, 830
205, D, 316570, 673
206, E, 316482, 639
207, Y, 316464, 3311
208, Y, 316432, 3127
209, D, 316390, 1107
210, F, 316314, 1840
211, D, 316262, 882
212, T, 316247, 1111
213, G, 316132, 3023
214, P, 315934, 1104
215, G, 738068, 365
216, N, 753970, 3348
217, V, 756491, 1415
218, F, 755184, 1999
219, I, 754668, 3913
220, D, 753070, 3050
221, A, 750041, 1585
222, V, 742878, 933
223, V, 721035, 538
224, R, 442411, 1255
225, H, 442374, 837
226, F, 442378, 1583
227, T, 442381, 773
228, N, 442382, 461
229, G, 442384, 755
230, E, 442385, 1268
231, Q, 442385, 567
232, E, 442386, 1055
233, Y, 442386, 3533
234, D, 442387, 5920
235, K, 442387, 4131
236, D, 442388, 2463
237, G, 442389, 2822
238, A, 442389, 2188
239, M, 442388, 837
240, G, 442390, 1809
241, K, 442390, 2506
242, R, 442390, 1055
243, G, 442389, 1227
244, K, 442388, 1261
245, V, 442388, 735
246, D, 442388, 3322
247, Q, 442401, 1096
248, E, 442411, 2776
249, L, 442412, 1294
250, V, 442413, 778
251, D, 442412, 1659
252, D, 442415, 4527
253, F, 442426, 1372
254, L, 442429, 3387
255, K, 442432, 6114
256, M, 442430, 4210
257, P, 442430, 1966
258, Y, 442430, 2286
259, F, 442436, 2305
260, Q, 442435, 1608
261, L, 442427, 2558
262, D, 442426, 5129
263, P, 442424, 1134
264, P, 442420, 617
265, K, 442425, 1465
266, T, 442423, 383
267, T, 442421, 2931
268, G, 442426, 1059
269, R, 442428, 4869
270, E, 442425, 4225
271, V, 442426, 3750
272, F, 442420, 1995
273, R, 442417, 1192
274, D, 442407, 3288
275, T, 442405, 1396
276, L, 442396, 3192
277, A, 442389, 4044
278, H, 442377, 1135
279, D, 442370, 4241
280, L, 442366, 4803
281, I, 442362, 5191
282, R, 442361, 1120
283, R, 442342, 4158
284, A, 442337, 3824
285, E, 442328, 980
286, A, 442322, 5294
287, K, 442313, 2754
288, G, 442297, 671
289, L, 442285, 2744
290, S, 442274, 2304
291, P, 442262, 882
292, D, 442253, 5694
293, D, 442250, 4351
294, I, 442226, 4104
295, V, 442210, 4681
296, A, 442194, 1996
297, T, 442185, 745
298, T, 442146, 883
299, T, 442126, 2026
300, R, 442101, 3299
301, I, 442065, 2253
302, T, 442028, 1413
303, A, 441965, 1912
304, Q, 441924, 1154
305, A, 441870, 979
306, I, 441822, 1256
307, V, 441748, 1620
308, D, 441682, 4012
309, H, 441624, 4334
310, Y, 441527, 3389
311, R, 441428, 1294
312, R, 441338, 878
313, Y, 441249, 1248
314, A, 441126, 2428
315, P, 440900, 745
316, S, 440777, 1538
317, Q, 440539, 1060
318, E, 440507, 845
319, I, 440041, 1312
320, D, 439894, 2058
321, E, 439781, 2949
322, I, 439716, 5339
323, F, 439680, 3138
324, M, 439647, 5225
325, C, 439407, 8465
326, G, 438907, 1429
327, G, 749376, 974
328, G, 753542, 966
329, A, 755678, 884
330, Y, 756108, 1233
331, N, 755421, 1237
332, P, 753310, 958
333, N, 748395, 2183
334, I, 740538, 1044
335, V, 720752, 2085
336, E, 320217, 2137
337, F, 320222, 2094
338, I, 320223, 1914
339, Q, 320225, 2012
340, Q, 320225, 712
341, S, 320225, 1678
342, Y, 320226, 1084
343, P, 320227, 915
344, N, 320227, 2324
345, T, 320228, 1201
346, K, 320226, 603
347, I, 320226, 2860
348, M, 320226, 739
349, M, 320225, 2568
350, L, 320225, 3166
351, D, 320224, 1577
352, E, 320223, 4677
353, A, 320222, 827
354, G, 320222, 514
355, V, 320222, 675
356, P, 320222, 1000
357, A, 320221, 1207
358, G, 320221, 1232
359, A, 320221, 1502
360, K, 320228, 832
361, E, 320225, 966
362, A, 320224, 1446
363, I, 320225, 1735
364, T, 320225, 1483
365, F, 320227, 1178
366, A, 320222, 2822
367, W, 320221, 2994
368, Q, 320220, 5197
369, G, 320217, 2847
370, M, 320217, 828
371, E, 320217, 1076
372, A, 320215, 2167
373, L, 320213, 1597
374, V, 320212, 2818
375, G, 320210, 964
376, R, 320210, 2357
377, S, 320207, 874
378, I, 320206, 4516
379, P, 320202, 1721
380, V, 320200, 1535
381, P, 320197, 1298
382, T, 320194, 4249
383, R, 320193, 3235
384, V, 320193, 1807
385, E, 320192, 2975
386, T, 320192, 548
387, R, 320188, 1633
388, Q, 320184, 2877
389, H, 320183, 1462
390, Y, 320180, 2340
391, V, 320179, 522
392, L, 320177, 2542
393, G, 320173, 1974
394, K, 320167, 1001
395, V, 320164, 411
396, S, 320160, 1694
397, P, 320158, 741
398, G, 320149, 1746
399, L, 320143, 772
400, N, 320133, 1396
401, Y, 320128, 1105
402, R, 320116, 691
403, S, 320108, 1088
404, V, 320095, 1284
405, M, 320077, 995
406, K, 320059, 1098
407, K, 320047, 1025
408, G, 320028, 2147
409, M, 320008, 3054
410, A, 319975, 3454
411, F, 319937, 2199
412, G, 319923, 2496
413, G, 319858, 1767
414, D, 319817, 2973
415, A, 319790, 1182
416, Q, 319749, 1822
417, Q, 319681, 1692
418, L, 319552, 859
419, P, 319388, 637
420, W, 319082, 623
421, V, 318883, 528
422, S, 318686, 1000
423, E, 318526, 613
424, M, 318044, 1894
425, I, 317507, 1750
426, V, 316543, 628
427, K, 316171, 806
428, K, 315865, 523
429, K, 315703, 693
430, G, 315299, 1967
431, K, 314754, 1225
432, V, 314426, 1891
433, I, 314252, 591
434, T, 314115, 1465
435, N, 313881, 101
436, N, 313778, 106
437, W, 313057, 237
438, A, 312178, 131
439, L, 311000, 105
440, E, 310284, 105
441, R, 309280, 126
442, K, 305179, 120
443, G, 290574, 44
444, E, 255506, 0
