0, M, 364420, 0
1, P, 372928, 299
2, I, 375362, 205
3, A, 376362, 378
4, T, 376947, 162
5, S, 377453, 102
6, T, 377592, 191
7, G, 377671, 5757
8, D, 377713, 679
9, N, 377792, 8158
10, V, 377851, 5750
11, L, 377868, 851
12, D, 377929, 1267
13, F, 377799, 1204
14, T, 377820, 1118
15, V, 377821, 550
16, L, 377825, 307
17, G, 377827, 589
18, L, 377834, 347
19, N, 377829, 3825
20, S, 377837, 939
21, G, 377837, 3162
22, T, 377837, 645
23, S, 377840, 6785
24, M, 377849, 3599
25, D, 377872, 9377
26, G, 376939, 4085
27, I, 376948, 1270
28, D, 376948, 13848
29, C, 376946, 681
30, A, 376946, 401
31, L, 376950, 146
32, C, 376963, 799
33, H, 376955, 822
34, F, 376946, 299
35, Y, 376947, 3427
36, Q, 376917, 679
37, K, 376914, 4074
38, T, 376914, 1618
39, P, 376904, 559
40, D, 376900, 618
41, A, 376900, 1273
42, P, 376900, 674
43, M, 376879, 2470
44, E, 375654, 626
45, F, 375638, 506
46, E, 375630, 732
47, L, 375622, 165
48, L, 375596, 361
49, E, 375593, 5999
50, Y, 375586, 867
51, G, 375574, 1377
52, E, 375567, 3388
53, V, 375561, 488
54, P, 375525, 770
55, L, 375488, 440
56, A, 375466, 1334
57, Q, 375462, 688
58, P, 375458, 463
59, I, 375456, 408
60, K, 375444, 1054
61, Q, 375392, 538
62, R, 375381, 1274
63, V, 375368, 1275
64, M, 375364, 3171
65, R, 375151, 1687
66, M, 375143, 2939
67, I, 375122, 1663
68, L, 375117, 9168
69, E, 375075, 2478
70, D, 374899, 1484
71, T, 374872, 484
72, T, 374848, 864
73, S, 374830, 279
74, P, 374825, 731
75, S, 374787, 566
76, E, 374736, 428
77, L, 374567, 632
78, S, 374495, 916
79, E, 374408, 394
80, V, 374346, 746
81, N, 374263, 749
82, V, 374074, 159
83, I, 373977, 1133
84, L, 373927, 258
85, G, 373825, 1183
86, E, 373683, 1250
87, H, 373238, 1769
88, F, 372624, 382
89, A, 371972, 412
90, D, 371363, 494
91, A, 370625, 674
92, V, 370508, 426
93, R, 370471, 514
94, Q, 370193, 437
95, F, 370131, 263
96, A, 370101, 835
97, A, 370023, 1348
98, E, 369465, 911
99, R, 369382, 349
100, N, 369240, 1012
101, V, 369067, 473
102, D, 368926, 1485
103, L, 368703, 1002
104, S, 368125, 965
105, T, 768525, 752
106, I, 776256, 719
107, D, 777901, 1071
108, A, 777742, 2121
109, I, 777484, 522
110, A, 775741, 537
111, S, 774178, 909
112, H, 771298, 2527
113, G, 759279, 1722
114, Q, 412356, 4007
115, T, 412366, 817
116, I, 412367, 1284
117, W, 412370, 1031
118, L, 412374, 3372
119, L, 412376, 3575
120, S, 412376, 1261
121, M, 412374, 3561
122, P, 412376, 873
123, E, 412378, 2062
124, E, 412383, 3245
125, G, 412385, 1444
126, Q, 412387, 1935
127, V, 412386, 924
128, K, 412385, 949
129, S, 412386, 885
130, A, 412385, 1087
131, L, 412385, 1042
132, T, 412388, 1307
133, M, 412387, 1181
134, A, 412387, 4079
135, E, 412384, 4927
136, G, 412381, 1017
137, A, 412396, 2837
138, I, 412444, 1054
139, L, 412457, 1065
140, A, 412464, 2498
141, S, 412467, 1263
142, R, 412477, 719
143, T, 412488, 660
144, G, 412492, 756
145, I, 412511, 2402
146, T, 412526, 738
147, S, 412535, 1518
148, I, 412537, 1122
149, T, 412537, 409
150, D, 412536, 1497
151, F, 412538, 774
152, R, 412533, 2872
153, I, 412533, 1391
154, S, 412531, 549
155, D, 412527, 848
156, Q, 412525, 1525
157, A, 412521, 4365
158, A, 412518, 1459
159, G, 412514, 934
160, R, 412514, 588
161, Q, 412507, 3247
162, G, 412505, 1033
163, A, 412503, 2875
164, P, 412496, 485
165, L, 412487, 4050
166, I, 412482, 23223
167, A, 412479, 3597
168, F, 412453, 3164
169, F, 412447, 2371
170, D, 412426, 3495
171, A, 412420, 1491
172, L, 412411, 1775
173, L, 412401, 1705
174, L, 412387, 1873
175, H, 412374, 1296
176, H, 412365, 742
177, P, 412347, 691
178, T, 412327, 1657
179, K, 412308, 830
180, L, 412297, 1090
181, R, 412283, 571
182, A, 412275, 1228
183, C, 412252, 4092
184, Q, 412231, 1064
185, N, 412214, 2678
186, I, 412195, 950
187, G, 412173, 308
188, G, 412142, 1159
189, I, 412108, 1014
190, A, 412098, 579
191, N, 412072, 617
192, V, 412051, 287
193, C, 411991, 1230
194, F, 411932, 906
195, I, 411790, 928
196, P, 411682, 390
197, P, 411600, 747
198, D, 411501, 987
199, V, 411422, 1055
200, D, 411245, 1377
201, G, 411151, 409
202, R, 410992, 882
203, R, 410739, 1108
204, T, 410399, 802
205, D, 410084, 1408
206, E, 409973, 671
207, Y, 409949, 2061
208, Y, 409896, 2266
209, D, 409843, 5140
210, F, 409741, 1164
211, D, 409686, 519
212, T, 409649, 764
213, G, 409501, 921
214, P, 409258, 514
215, G, 874749, 197
216, N, 889720, 4533
217, V, 892616, 955
218, F, 890628, 3060
219, I, 889986, 1303
220, D, 887679, 1486
221, A, 884233, 1393
222, V, 872444, 426
223, V, 828507, 325
224, R, 485509, 636
225, H, 485472, 426
226, F, 485474, 2216
227, T, 485474, 432
228, N, 485476, 364
229, G, 485475, 423
230, E, 485476, 1073
231, Q, 485475, 407
232, E, 485474, 1693
233, Y, 485474, 2665
234, D, 485474, 1833
235, K, 485472, 2706
236, D, 485471, 1075
237, G, 485470, 978
238, A, 485469, 1980
239, M, 485468, 466
240, G, 485468, 964
241, K, 485467, 1583
242, R, 485469, 644
243, G, 485464, 496
244, K, 485466, 957
245, V, 485464, 307
246, D, 485463, 1074
247, Q, 485483, 529
248, E, 485499, 1375
249, L, 485506, 377
250, V, 485511, 332
251, D, 485514, 693
252, D, 485523, 2232
253, F, 485538, 518
254, L, 485534, 1052
255, K, 485544, 3998
256, M, 485545, 3460
257, P, 485544, 2135
258, Y, 485541, 1146
259, F, 485543, 743
260, Q, 485544, 730
261, L, 485533, 2065
262, D, 485532, 3920
263, P, 485530, 809
264, P, 485529, 491
265, K, 485527, 780
266, T, 485523, 510
267, T, 485506, 6219
268, G, 485501, 1145
269, R, 485493, 7274
270, E, 485483, 4289
271, V, 485480, 3404
272, F, 485476, 1283
273, R, 485463, 4565
274, D, 485457, 2913
275, T, 485454, 1891
276, L, 485447, 1657
277, A, 485441, 3888
278, H, 485426, 1382
279, D, 485412, 1890
280, L, 485404, 1300
281, I, 485392, 1473
282, R, 485387, 781
283, R, 485368, 2334
284, A, 485358, 1498
285, E, 485350, 662
286, A, 485340, 3456
287, K, 485327, 824
288, G, 485305, 259
289, L, 485291, 716
290, S, 485271, 1476
291, P, 485262, 583
292, D, 485234, 2303
293, D, 485219, 1017
294, I, 485196, 3105
295, V, 485165, 1214
296, A, 485142, 560
297, T, 485127, 311
298, T, 485081, 919
299, T, 485049, 765
300, R, 485022, 959
301, I, 484972, 633
302, T, 484928, 1362
303, A, 484837, 902
304, Q, 484786, 540
305, A, 484734, 637
306, I, 484693, 570
307, V, 484633, 666
308, D, 484537, 1958
309, H, 484460, 7472
310, Y, 484364, 1534
311, R, 484250, 666
312, R, 484138, 385
313, Y, 484032, 622
314, A, 483882, 1086
315, P, 483610, 328
316, S, 483452, 833
317, Q, 483137, 502
318, E, 483095, 558
319, I, 482524, 807
320, D, 482325, 1043
321, E, 482201, 3745
322, I, 482078, 1984
323, F, 482027, 1810
324, M, 481972, 3421
325, C, 481683, 4980
326, G, 481035, 646
327, G, 877856, 3379
328, G, 883474, 442
329, A, 886331, 568
330, Y, 886976, 1157
331, N, 886153, 501
332, P, 883581, 668
333, N, 877741, 806
334, I, 870098, 495
335, V, 847464, 1157
336, E, 409594, 1219
337, F, 409604, 801
338, I, 409606, 639
339, Q, 409608, 756
340, Q, 409608, 507
341, S, 409608, 1169
342, Y, 409608, 417
343, P, 409607, 341
344, N, 409606, 1048
345, T, 409606, 496
346, K, 409602, 342
347, I, 409602, 841
348, M, 409602, 586
349, M, 409602, 1589
350, L, 409603, 1331
351, D, 409602, 793
352, E, 409602, 2177
353, A, 409600, 543
354, G, 409600, 258
355, V, 409600, 375
356, P, 409600, 531
357, A, 409600, 1049
358, G, 409597, 3368
359, A, 409599, 1242
360, K, 409606, 996
361, E, 409602, 1016
362, A, 409602, 460
363, I, 409602, 1067
364, T, 409604, 1180
365, F, 409607, 2915
366, A, 409604, 628
367, W, 409602, 1190
368, Q, 409602, 23583
369, G, 409601, 1204
370, M, 409598, 679
371, E, 409598, 1316
372, A, 409593, 2965
373, L, 409591, 586
374, V, 409589, 1587
375, G, 409588, 376
376, R, 409588, 818
377, S, 409588, 923
378, I, 409588, 3278
379, P, 409587, 980
380, V, 409581, 1536
381, P, 409580, 952
382, T, 409579, 5347
383, R, 409577, 5939
384, V, 409575, 4455
385, E, 409572, 4163
386, T, 409572, 765
387, R, 409571, 2405
388, Q, 409567, 3479
389, H, 409567, 2327
390, Y, 409559, 6369
391, V, 409558, 664
392, L, 409556, 4819
393, G, 409551, 1084
394, K, 409543, 570
395, V, 409534, 355
396, S, 409530, 1282
397, P, 409518, 440
398, G, 409507, 1039
399, L, 409503, 857
400, N, 409491, 879
401, Y, 409478, 750
402, R, 409460, 742
403, S, 409428, 925
404, V, 409419, 862
405, M, 409401, 685
406, K, 409379, 639
407, K, 409367, 500
408, G, 409340, 5484
409, M, 409313, 1879
410, A, 409284, 2618
411, F, 409234, 1640
412, G, 409234, 1599
413, G, 409138, 1044
414, D, 409068, 2369
415, A, 409042, 1154
416, Q, 408990, 2881
417, Q, 408893, 1546
418, L, 408710, 873
419, P, 408515, 532
420, W, 408126, 3626
421, V, 407842, 704
422, S, 407620, 1571
423, E, 407415, 448
424, M, 406770, 1826
425, I, 406061, 1654
426, V, 404822, 602
427, K, 404372, 485
428, K, 403956, 439
429, K, 403762, 580
430, G, 403299, 2455
431, K, 402692, 961
432, V, 402364, 3295
433, I, 402183, 818
434, T, 401975, 2569
435, N, 401689, 117
436, N, 401564, 132
437, W, 400867, 278
438, A, 399869, 160
439, L, 398638, 144
440, E, 397867, 167
441, R, 396806, 206
442, K, 393521, 163
443, G, 381384, 75
444, E, 360542, 0
