0, M, 261157, 0
1, V, 279247, 2293
2, P, 282622, 1338
3, A, 284304, 1111
4, A, 286579, 1290
5, Q, 288384, 2574
6, Q, 292703, 2904
7, T, 293701, 2073
8, A, 304463, 1027
9, M, 308742, 4344
10, A, 311189, 1368
11, P, 312897, 1332
12, D, 317062, 2918
13, A, 323216, 1241
14, A, 332159, 1221
15, L, 333267, 2873
16, T, 335767, 2620
17, F, 336603, 3972
18, P, 341836, 1721
19, E, 343026, 3188
20, G, 346392, 874
21, F, 350864, 4567
22, L, 356972, 2843
23, W, 357740, 3824
24, G, 377870, 1299
25, S, 379683, 2760
26, A, 381163, 1455
27, T, 382384, 2798
28, A, 385285, 1343
29, S, 387802, 3274
30, Y, 395012, 3993
31, Q, 397164, 4065
32, I, 407205, 3513
33, E, 410999, 4063
34, G, 411887, 1180
35, A, 416697, 1544
36, A, 418845, 1374
37, A, 427060, 1561
38, E, 433884, 3883
39, D, 436428, 3900
40, G, 437653, 1399
41, R, 459028, 2084
42, T, 461028, 2670
43, P, 460564, 1872
44, S, 466447, 2886
45, I, 476258, 4518
46, W, 479710, 5049
47, D, 482112, 3190
48, T, 487701, 4150
49, Y, 495578, 3628
50, A, 496559, 2343
51, R, 500909, 2154
52, T, 503951, 2511
53, P, 507509, 1628
54, G, 510459, 1690
55, R, 512646, 1998
56, V, 516723, 3492
57, R, 535591, 2373
58, N, 538021, 4622
59, G, 546339, 1566
60, D, 549192, 4539
61, T, 550064, 2813
62, G, 557952, 1997
63, D, 558925, 3688
64, V, 561213, 2997
65, A, 567092, 1981
66, T, 569251, 4419
67, D, 586622, 4047
68, H, 607925, 4200
69, Y, 627111, 5255
70, H, 626346, 4205
71, R, 626322, 2013
72, W, 627123, 5426
73, R, 629170, 2515
74, E, 630487, 5046
75, D, 635694, 2947
76, V, 641557, 5015
77, A, 645723, 2003
78, L, 646264, 3712
79, M, 648414, 7285
80, A, 657050, 1981
81, E, 662444, 4099
82, L, 665477, 3411
83, G, 676157, 1711
84, L, 680765, 3344
85, G, 693347, 1799
86, A, 698091, 2040
87, Y, 700955, 4501
88, R, 704915, 2162
89, F, 716462, 6918
90, S, 720216, 4360
91, L, 718228, 4765
92, A, 725186, 1620
93, W, 724510, 4838
94, P, 725388, 2584
95, R, 728572, 2452
96, I, 741519, 4512
97, Q, 743783, 4806
98, P, 742620, 2574
99, T, 744370, 3383
100, G, 745491, 2040
101, R, 761378, 2711
102, G, 764521, 1549
103, P, 770943, 2360
104, A, 772281, 2035
105, L, 772856, 4993
106, Q, 786097, 7691
107, K, 787411, 7362
108, G, 788120, 1402
109, L, 791941, 4614
110, D, 800971, 3832
111, F, 801758, 7554
112, Y, 801888, 6362
113, R, 798694, 2589
114, R, 799879, 2525
115, L, 800653, 4898
116, A, 802360, 2616
117, D, 805155, 3831
118, E, 806287, 5743
119, L, 810200, 4111
120, L, 810388, 5004
121, A, 818985, 2480
122, K, 818325, 8938
123, G, 817330, 1467
124, I, 820773, 6101
125, Q, 820905, 4897
126, P, 819601, 2328
127, V, 827498, 3845
128, A, 830544, 2625
129, T, 846006, 4316
130, L, 859571, 5800
131, Y, 877318, 5038
132, H, 875038, 4836
133, W, 871089, 6641
134, D, 859725, 4881
135, L, 857296, 4926
136, P, 859229, 2746
137, Q, 860256, 6341
138, E, 864018, 4595
139, L, 866126, 4615
140, E, 872397, 5615
141, N, 868621, 8035
142, A, 869147, 2107
143, G, 869682, 1611
144, G, 871077, 1844
145, W, 872180, 6380
146, P, 874485, 3086
147, E, 876892, 5216
148, R, 874894, 2413
149, A, 888544, 2338
150, T, 889137, 4402
151, A, 885914, 2182
152, E, 885695, 4977
153, R, 885670, 2361
154, F, 884305, 7905
155, A, 896098, 2382
156, E, 900370, 5037
157, Y, 901462, 5526
158, A, 896718, 2083
159, A, 894832, 2403
160, I, 891030, 5355
161, A, 891784, 2264
162, A, 892779, 2415
163, D, 896885, 5182
164, A, 905279, 1839
165, L, 910842, 4128
166, G, 907653, 2224
167, D, 901258, 4888
168, R, 896510, 3149
169, V, 911631, 4384
170, K, 912043, 7386
171, T, 918292, 4058
172, W, 912634, 6558
173, T, 903853, 3591
174, T, 907746, 4727
175, L, 908227, 5027
176, N, 917297, 4817
177, E, 912796, 5735
178, P, 918733, 2135
179, W, 923739, 5228
180, C, 931110, 5772
181, S, 916364, 7513
182, A, 922322, 2287
183, F, 932793, 6621
184, L, 926817, 4399
185, G, 930127, 2519
186, Y, 924524, 5835
187, G, 923690, 2185
188, S, 927466, 4326
189, G, 926189, 2264
190, V, 923596, 4703
191, H, 929401, 5264
192, A, 929588, 2487
193, P, 930833, 2222
194, G, 946231, 2119
195, R, 945540, 3236
196, T, 940279, 3236
197, D, 938631, 5734
198, P, 925646, 2331
199, V, 928359, 3982
200, A, 928371, 2250
201, A, 931201, 1939
202, L, 929175, 4096
203, R, 929535, 2350
204, A, 928120, 2319
205, A, 933031, 2407
206, H, 939695, 6389
207, H, 945105, 5035
208, L, 952110, 5651
209, N, 958161, 6987
210, L, 943746, 4061
211, G, 945719, 2398
212, H, 943906, 7149
213, G, 945467, 1914
214, L, 941197, 5627
215, A, 939345, 2354
216, V, 953980, 4141
217, Q, 953967, 6762
218, A, 952404, 1639
219, L, 946523, 3065
220, R, 951133, 3009
221, D, 950618, 6168
222, R, 938160, 3097
223, L, 939820, 5015
224, P, 939544, 3073
225, A, 939052, 2514
226, D, 938988, 4504
227, A, 944455, 2697
228, Q, 953175, 6356
229, C, 996621, 6436
230, S, 980811, 4169
231, V, 953541, 5286
232, T, 958181, 4785
233, L, 968888, 5220
234, N, 983145, 8096
235, I, 968080, 6531
236, H, 973737, 7088
237, H, 965768, 6053
238, V, 961263, 5496
239, R, 958012, 3061
240, P, 958035, 2516
241, L, 958206, 5350
242, T, 961482, 5242
243, D, 962075, 4530
244, S, 966998, 4499
245, D, 966792, 5395
246, A, 961936, 2615
247, D, 969473, 5883
248, A, 973639, 2902
249, D, 973502, 4474
250, A, 965255, 2686
251, V, 967880, 5446
252, R, 968754, 2765
253, R, 966889, 3167
254, I, 966563, 7754
255, D, 974148, 7072
256, A, 976384, 2373
257, L, 972960, 4921
258, A, 980681, 2560
259, N, 978178, 5954
260, R, 967290, 2950
261, V, 973629, 6243
262, F, 973327, 9504
263, T, 966692, 3498
264, G, 964571, 2447
265, P, 973644, 2481
266, M, 985827, 7658
267, L, 983899, 6044
268, Q, 984329, 7416
269, G, 972614, 2022
270, A, 974204, 2910
271, Y, 975200, 6079
272, P, 972719, 2816
273, E, 974490, 6494
274, D, 971278, 4813
275, L, 966597, 5284
276, V, 982679, 5002
277, K, 980752, 12117
278, D, 980869, 4294
279, T, 965951, 5817
280, A, 968107, 2479
281, G, 971863, 1971
282, L, 967562, 6379
283, T, 968467, 5556
284, D, 967516, 4494
285, W, 966840, 6995
286, S, 975882, 3901
287, F, 972948, 9465
288, V, 960104, 6223
289, R, 960703, 3419
290, D, 961396, 7375
291, G, 966955, 2180
292, D, 966672, 5947
293, L, 957535, 5531
294, R, 959977, 3036
295, L, 957572, 5796
296, A, 951387, 2959
297, H, 950895, 5360
298, Q, 953984, 7911
299, K, 954800, 9821
300, L, 951567, 4522
301, D, 952483, 4598
302, F, 951674, 7374
303, L, 952090, 3937
304, G, 951297, 2363
305, V, 953920, 5193
306, N, 958672, 9373
307, Y, 971251, 6345
308, Y, 975843, 5004
309, S, 942482, 5274
310, P, 937570, 2359
311, T, 939687, 3757
312, L, 937667, 4576
313, V, 938812, 5325
314, S, 933638, 5137
315, E, 928941, 5533
316, A, 927771, 2098
317, D, 929912, 5869
318, G, 930577, 1948
319, S, 927440, 4174
320, G, 922276, 2620
321, T, 917887, 5700
322, H, 926053, 6169
323, N, 925282, 5924
324, S, 912810, 4562
325, D, 909438, 5351
326, G, 905438, 2731
327, H, 907432, 5561
328, G, 909474, 2276
329, R, 911009, 3119
330, S, 906199, 5893
331, A, 899440, 2510
332, H, 892300, 5371
333, S, 883217, 4170
334, P, 881001, 2292
335, W, 876414, 5788
336, P, 872670, 2633
337, G, 877954, 2075
338, A, 876904, 2321
339, D, 875063, 5109
340, R, 842994, 2693
341, V, 843549, 4075
342, A, 841519, 2324
343, F, 836407, 6896
344, H, 836211, 5032
345, Q, 827599, 4957
346, P, 825697, 2156
347, P, 825328, 2077
348, G, 827121, 2339
349, E, 826273, 6950
350, T, 823654, 4465
351, T, 819054, 5016
352, A, 818695, 2059
353, M, 816840, 6196
354, G, 819454, 1995
355, W, 805972, 4996
356, A, 791746, 1680
357, V, 794019, 4082
358, D, 791053, 5816
359, P, 785438, 2636
360, S, 779599, 4039
361, G, 778343, 2260
362, L, 778917, 5142
363, Y, 788465, 6628
364, E, 775045, 6297
365, L, 751196, 4217
366, L, 747049, 4374
367, R, 743791, 2526
368, R, 740354, 2468
369, L, 739874, 3772
370, S, 739787, 4459
371, S, 735746, 3816
372, D, 735512, 4336
373, F, 728898, 8740
374, P, 727890, 2075
375, A, 726001, 2058
376, L, 725163, 4138
377, P, 725568, 2563
378, L, 724979, 2370
379, V, 724613, 4523
380, I, 720481, 5778
381, T, 716087, 3220
382, E, 715579, 6509
383, N, 714983, 7378
384, G, 708186, 1686
385, A, 705190, 2196
386, A, 703138, 2315
387, F, 701840, 7063
388, H, 700422, 6659
389, D, 690717, 4857
390, Y, 675363, 5766
391, A, 663581, 2235
392, D, 660652, 4222
393, P, 659878, 2680
394, E, 659666, 5365
395, G, 656476, 1967
396, N, 652207, 7482
397, V, 652629, 4177
398, N, 648908, 6036
399, D, 617035, 4966
400, P, 615455, 2260
401, E, 613968, 4855
402, R, 603750, 2237
403, I, 599720, 4777
404, A, 596830, 1963
405, Y, 571144, 4198
406, V, 559884, 3738
407, R, 544711, 2203
408, D, 541225, 4168
409, H, 534696, 4102
410, L, 532468, 3717
411, A, 529754, 1795
412, A, 521459, 1655
413, V, 519774, 2910
414, H, 515393, 4620
415, R, 504492, 2159
416, A, 496857, 1819
417, I, 497325, 4060
418, K, 494168, 6584
419, D, 490925, 3896
420, G, 473595, 1350
421, S, 473231, 3620
422, D, 467942, 2725
423, V, 434571, 3320
424, R, 434000, 1863
425, G, 432553, 1888
426, Y, 431819, 4360
427, F, 426298, 5539
428, L, 413759, 2886
429, W, 408535, 3374
430, S, 405996, 2973
431, L, 405968, 2660
432, L, 404601, 2785
433, D, 403193, 3236
434, N, 385680, 3454
435, F, 378008, 4302
436, E, 377266, 3262
437, W, 369130, 3365
438, A, 368597, 1400
439, H, 366915, 3558
440, G, 358737, 1179
441, Y, 354198, 3227
442, S, 335800, 3274
443, K, 328069, 5340
444, R, 324622, 1110
445, F, 322951, 4927
446, G, 321460, 1324
447, A, 313531, 1170
448, V, 315281, 2680
449, Y, 310679, 3170
450, V, 284877, 1813
451, D, 234839, 1973
452, Y, 230629, 1805
453, P, 221314, 1158
454, T, 218669, 1436
455, G, 217081, 905
456, T, 216267, 1933
457, R, 215393, 1053
458, I, 212734, 2316
459, P, 210935, 1101
460, K, 208035, 2774
461, A, 204304, 605
462, S, 197861, 2392
463, A, 194910, 624
464, R, 193057, 863
465, W, 188996, 2137
466, Y, 180860, 2043
467, A, 173620, 612
468, E, 168877, 1849
469, V, 161677, 1124
470, A, 159171, 650
471, R, 157047, 826
472, T, 156019, 1419
473, G, 154591, 550
474, V, 152531, 1185
475, L, 151451, 1305
476, P, 146356, 840
477, T, 144531, 900
478, A, 142342, 537
479, G, 141657, 454
480, D, 137158, 1292
481, P, 134287, 745
482, N, 131544, 1481
483, S, 129994, 1046
484, S, 128787, 984
485, S, 124435, 833
486, V, 123987, 950
487, D, 123501, 1102
488, K, 120367, 1556
489, L, 114087, 825
490, A, 113581, 476
491, A, 110153, 455
492, A, 109575, 455
493, L, 108422, 802
494, E, 107357, 1202
495, H, 103697, 967
496, H, 97042, 870
497, H, 93261, 827
498, H, 86751, 758
499, H, 79545, 666
500, H, 71995, 685
501, *, 56103, 0
