0, M, 529163, 0
1, V, 564080, 4211
2, P, 571722, 1055
3, A, 575558, 1420
4, A, 580611, 1608
5, Q, 585175, 4220
6, Q, 594290, 4869
7, T, 596299, 3822
8, A, 615150, 1527
9, M, 623903, 7640
10, A, 624244, 2225
11, P, 624356, 1695
12, D, 631947, 3055
13, A, 642415, 1717
14, A, 658172, 1555
15, L, 658601, 3528
16, T, 662321, 4336
17, F, 660274, 2614
18, P, 669320, 1668
19, E, 670885, 5003
20, G, 676182, 1452
21, F, 683751, 1504
22, L, 694905, 2424
23, W, 691928, 1571
24, G, 776306, 523
25, S, 782987, 3210
26, A, 788630, 1502
27, T, 791965, 1345
28, A, 797900, 821
29, S, 803217, 3551
30, Y, 815035, 2156
31, Q, 817396, 2065
32, I, 823917, 2973
33, E, 830364, 1904
34, G, 822877, 620
35, A, 829817, 861
36, A, 831963, 1962
37, A, 840811, 2315
38, E, 849830, 5095
39, D, 847744, 4987
40, G, 840026, 1944
41, R, 862209, 1360
42, T, 863988, 4093
43, P, 840658, 2731
44, S, 849450, 1880
45, I, 863082, 3302
46, W, 861221, 2072
47, D, 860532, 1391
48, T, 860307, 5338
49, Y, 866659, 3251
50, A, 866535, 3113
51, R, 864733, 2832
52, T, 868546, 3518
53, P, 867060, 2442
54, G, 870477, 2021
55, R, 866660, 3293
56, V, 872368, 1279
57, R, 896596, 3603
58, N, 896481, 2132
59, G, 885188, 2044
60, D, 887820, 2748
61, T, 881107, 2563
62, G, 886781, 889
63, D, 887695, 4340
64, V, 890277, 2926
65, A, 898682, 1723
66, T, 900362, 2733
67, D, 926551, 3281
68, H, 956498, 1582
69, Y, 982040, 2253
70, H, 967373, 3508
71, R, 943201, 2347
72, W, 943516, 3212
73, R, 944070, 2869
74, E, 945850, 5197
75, D, 951183, 1103
76, V, 958757, 3206
77, A, 964021, 2223
78, L, 958410, 2433
79, M, 960077, 6198
80, A, 968776, 2295
81, E, 974268, 4573
82, L, 971930, 2010
83, G, 984907, 2033
84, L, 983462, 2356
85, G, 995360, 2288
86, A, 995555, 1506
87, Y, 999415, 1443
88, R, 984327, 941
89, F, 999535, 3676
90, S, 995858, 1653
91, L, 981514, 1617
92, A, 991272, 847
93, W, 986069, 1722
94, P, 984475, 1918
95, R, 988336, 744
96, I, 1006024, 3167
97, Q, 1007538, 4425
98, P, 997733, 2411
99, T, 999310, 3734
100, G, 999672, 1952
101, R, 1020496, 3445
102, G, 1024095, 1499
103, P, 1024495, 2973
104, A, 1023953, 2220
105, L, 1017159, 4425
106, Q, 1035535, 7187
107, K, 1034739, 6617
108, G, 1023804, 1018
109, L, 1029642, 1741
110, D, 1041879, 2637
111, F, 1038059, 3939
112, Y, 1035797, 1808
113, R, 1021781, 2648
114, R, 1022772, 2907
115, L, 1023386, 1494
116, A, 1025336, 2705
117, D, 1028460, 1910
118, E, 1029360, 5959
119, L, 1034054, 1808
120, L, 1031301, 3163
121, A, 1042345, 2703
122, K, 1038786, 7302
123, G, 1031102, 1787
124, I, 1035970, 3363
125, Q, 1035172, 4564
126, P, 1029635, 1570
127, V, 1040956, 2895
128, A, 1044608, 2316
129, T, 1066422, 1362
130, L, 1080933, 1585
131, Y, 1104618, 1688
132, H, 1079522, 1991
133, W, 1060554, 1920
134, D, 1027573, 1260
135, L, 1020521, 1571
136, P, 1022097, 1085
137, Q, 1022631, 4738
138, E, 1026505, 4967
139, L, 1029016, 2525
140, E, 1036663, 2506
141, N, 1027043, 7753
142, A, 1024849, 1921
143, G, 1025151, 1020
144, G, 1025632, 675
145, W, 1026741, 1695
146, P, 1028338, 2764
147, E, 1031250, 4950
148, R, 1026503, 1227
149, A, 1045310, 2533
150, T, 1043916, 3089
151, A, 1031705, 1975
152, E, 1031141, 4626
153, R, 1029585, 2218
154, F, 1024964, 6811
155, A, 1041714, 2069
156, E, 1046848, 4108
157, Y, 1046746, 2258
158, A, 1033786, 1512
159, A, 1028766, 2345
160, I, 1019978, 4924
161, A, 1021007, 1827
162, A, 1021668, 2150
163, D, 1026273, 5176
164, A, 1036960, 1529
165, L, 1045594, 1451
166, G, 1037578, 2101
167, D, 1021915, 3558
168, R, 1014136, 3136
169, V, 1034084, 1777
170, K, 1033816, 5693
171, T, 1046523, 3345
172, W, 1036825, 2163
173, T, 1014113, 3113
174, T, 1019329, 1851
175, L, 1018332, 1876
176, N, 1029647, 1370
177, E, 1021264, 1685
178, P, 1027610, 664
179, W, 1032885, 1707
180, C, 1040473, 1514
181, S, 1015719, 3613
182, A, 1020295, 846
183, F, 1035602, 2816
184, L, 1028343, 1884
185, G, 1031630, 831
186, Y, 1020667, 1760
187, G, 1018456, 1667
188, S, 1021495, 1703
189, G, 1019447, 863
190, V, 1014923, 3912
191, H, 1023910, 2301
192, A, 1023611, 855
193, P, 1025116, 728
194, G, 1047843, 795
195, R, 1046996, 2734
196, T, 1039546, 2604
197, D, 1036217, 4347
198, P, 1018604, 1802
199, V, 1022104, 3026
200, A, 1022328, 1785
201, A, 1026507, 1411
202, L, 1023757, 840
203, R, 1023661, 2003
204, A, 1021961, 1240
205, A, 1028595, 1720
206, H, 1038721, 1310
207, H, 1044737, 2378
208, L, 1056714, 1982
209, N, 1067013, 3491
210, L, 1050102, 1338
211, G, 1053827, 1833
212, H, 1048829, 1898
213, G, 1051235, 692
214, L, 1048386, 3034
215, A, 1045828, 1749
216, V, 1069520, 2743
217, Q, 1070469, 6237
218, A, 1065746, 1787
219, L, 1055306, 1710
220, R, 1061919, 2021
221, D, 1060115, 5494
222, R, 1044106, 2882
223, L, 1046537, 2468
224, P, 1046225, 2485
225, A, 1046046, 2283
226, D, 1046306, 3916
227, A, 1055011, 2532
228, Q, 1068368, 5171
229, C, 1135017, 3301
230, S, 1114493, 1109
231, V, 1076155, 2459
232, T, 1083949, 1851
233, L, 1101283, 1196
234, N, 1121715, 2738
235, I, 1102462, 2738
236, H, 1112118, 4720
237, H, 1101300, 5319
238, V, 1094443, 3211
239, R, 1090200, 2204
240, P, 1090622, 1582
241, L, 1090529, 2658
242, T, 1095493, 3877
243, D, 1097025, 4191
244, S, 1105731, 2986
245, D, 1105492, 4958
246, A, 1098088, 2291
247, D, 1109583, 2972
248, A, 1116274, 2493
249, D, 1115746, 3321
250, A, 1103699, 1929
251, V, 1107779, 4593
252, R, 1109105, 999
253, R, 1106605, 2756
254, I, 1107086, 5063
255, D, 1120220, 3987
256, A, 1124113, 1803
257, L, 1120751, 2330
258, A, 1132696, 1588
259, N, 1129870, 1930
260, R, 1114538, 1677
261, V, 1124825, 4546
262, F, 1124404, 2289
263, T, 1115274, 2651
264, G, 1111828, 1685
265, P, 1126985, 1026
266, M, 1148479, 4384
267, L, 1146437, 1727
268, Q, 1147264, 6722
269, G, 1128596, 1372
270, A, 1132908, 2845
271, Y, 1134883, 1893
272, P, 1132070, 1733
273, E, 1135422, 6000
274, D, 1129289, 1770
275, L, 1122767, 1223
276, V, 1150396, 3331
277, K, 1149274, 9448
278, D, 1149381, 2203
279, T, 1126253, 2999
280, A, 1131250, 2074
281, G, 1138741, 2113
282, L, 1133391, 3266
283, T, 1135355, 3530
284, D, 1134076, 3061
285, W, 1133476, 1821
286, S, 1150320, 3472
287, F, 1147199, 3082
288, V, 1128628, 3541
289, R, 1131516, 3496
290, D, 1133249, 6400
291, G, 1148960, 2279
292, D, 1149697, 1628
293, L, 1136210, 4796
294, R, 1142465, 2991
295, L, 1139976, 4141
296, A, 1130920, 3070
297, H, 1130961, 4405
298, Q, 1137417, 6035
299, K, 1139848, 8471
300, L, 1135546, 1401
301, D, 1137124, 2757
302, F, 1137175, 5049
303, L, 1141687, 1051
304, G, 1141479, 1103
305, V, 1149499, 2008
306, N, 1162397, 2149
307, Y, 1197739, 2065
308, Y, 1207656, 1190
309, S, 1153088, 2960
310, P, 1147014, 944
311, T, 1153334, 2242
312, L, 1153094, 2858
313, V, 1156122, 2128
314, S, 1147171, 3084
315, E, 1140574, 5525
316, A, 1139683, 2076
317, D, 1145255, 5996
318, G, 1147897, 2313
319, S, 1144216, 4093
320, G, 1135760, 2844
321, T, 1128650, 6597
322, H, 1148966, 6355
323, N, 1149157, 5945
324, S, 1133803, 4567
325, D, 1129065, 5261
326, G, 1122596, 3152
327, H, 1128821, 6179
328, G, 1135453, 2640
329, R, 1143963, 3777
330, S, 1141492, 5419
331, A, 1136555, 2891
332, H, 1128143, 5271
333, S, 1113406, 3439
334, P, 1115072, 2158
335, W, 1108216, 1713
336, P, 1103690, 2068
337, G, 1121230, 2029
338, A, 1124080, 2027
339, D, 1121549, 5328
340, R, 1075115, 2977
341, V, 1080870, 2468
342, A, 1081438, 2818
343, F, 1073642, 5565
344, H, 1076120, 4798
345, Q, 1063624, 4447
346, P, 1060973, 2195
347, P, 1060547, 2452
348, G, 1068567, 1940
349, E, 1067334, 7291
350, T, 1065338, 4716
351, T, 1059749, 2602
352, A, 1068373, 1350
353, M, 1066363, 4215
354, G, 1081242, 1978
355, W, 1062605, 2363
356, A, 1043401, 1724
357, V, 1054815, 3714
358, D, 1051485, 4141
359, P, 1044683, 2021
360, S, 1036767, 4397
361, G, 1036218, 1657
362, L, 1044937, 1656
363, Y, 1094634, 3781
364, E, 1080576, 6678
365, L, 1045957, 1613
366, L, 1040947, 1183
367, R, 1036461, 2583
368, R, 1032161, 2962
369, L, 1034133, 1925
370, S, 1036462, 3713
371, S, 1033065, 3251
372, D, 1033942, 4595
373, F, 1024691, 6376
374, P, 1024406, 1616
375, A, 1021512, 2282
376, L, 1020451, 2556
377, P, 1023383, 1726
378, L, 1023823, 1768
379, V, 1028192, 3521
380, I, 1022613, 2670
381, T, 1021955, 1161
382, E, 1023775, 1727
383, N, 1026814, 2606
384, G, 1019832, 769
385, A, 1019511, 1593
386, A, 1019941, 1553
387, F, 1030127, 7430
388, H, 1034825, 4633
389, D, 1035344, 1786
390, Y, 1013153, 1468
391, A, 996068, 2689
392, D, 991360, 3478
393, P, 995245, 1343
394, E, 995875, 5713
395, G, 992511, 1865
396, N, 986360, 8323
397, V, 1008195, 2370
398, N, 1004939, 5847
399, D, 960981, 1410
400, P, 969660, 2703
401, E, 972204, 4852
402, R, 960276, 652
403, I, 975993, 3919
404, A, 993076, 2409
405, Y, 957760, 2254
406, V, 947044, 2858
407, R, 927731, 3644
408, D, 922620, 5600
409, H, 912812, 1550
410, L, 923223, 1277
411, A, 922270, 2567
412, A, 913099, 1770
413, V, 915016, 2369
414, H, 911408, 5449
415, R, 894388, 2825
416, A, 885660, 1316
417, I, 904954, 3761
418, K, 903932, 7988
419, D, 900348, 4799
420, G, 878152, 1408
421, S, 909238, 3617
422, D, 905372, 3204
423, V, 854674, 1424
424, R, 854047, 2063
425, G, 854490, 918
426, Y, 863923, 2164
427, F, 864558, 3248
428, L, 847534, 1899
429, W, 839120, 1512
430, S, 835687, 2711
431, L, 846964, 1697
432, L, 849220, 1423
433, D, 851579, 1282
434, N, 824935, 1258
435, F, 820633, 3740
436, E, 820122, 1632
437, W, 807923, 1559
438, A, 814401, 2321
439, H, 817517, 4366
440, G, 824713, 545
441, Y, 820727, 2003
442, S, 792780, 3316
443, K, 780167, 5998
444, R, 778293, 426
445, F, 781484, 3486
446, G, 779140, 734
447, A, 767730, 2111
448, V, 825871, 2224
449, Y, 830167, 2310
450, V, 792220, 1147
451, D, 705279, 2729
452, Y, 699809, 1587
453, P, 683763, 1592
454, T, 679837, 2373
455, G, 678024, 1558
456, T, 676874, 3925
457, R, 676335, 665
458, I, 672508, 3894
459, P, 679847, 2293
460, K, 675129, 1168
461, A, 671585, 1424
462, S, 661761, 2475
463, A, 662605, 955
464, R, 663131, 2661
465, W, 661140, 1702
466, Y, 650619, 1751
467, A, 644859, 1172
468, E, 639199, 4867
469, V, 625846, 1635
470, A, 621581, 1413
471, R, 618149, 2679
472, T, 617265, 3419
473, G, 618105, 1354
474, V, 616695, 3213
475, L, 616259, 2432
476, P, 607991, 2670
477, T, 604109, 3036
478, A, 602282, 1822
479, G, 603607, 1849
480, D, 596169, 4702
481, P, 593284, 2587
482, N, 590702, 4819
483, S, 590891, 4028
484, S, 588370, 3495
485, S, 580523, 3260
486, V, 584800, 3565
487, D, 583863, 4372
488, K, 577424, 6069
489, L, 568415, 3079
490, A, 566243, 1806
491, A, 559214, 1961
492, A, 557168, 2045
493, L, 562544, 3465
494, E, 560376, 5502
495, H, 553887, 4498
496, H, 547495, 4063
497, H, 544021, 4143
498, H, 534013, 4251
499, H, 518848, 4111
500, H, 505219, 3909
501, *, 436510, 0
