0, M, 240352, 0
1, V, 254777, 1463
2, P, 257359, 775
3, A, 258874, 752
4, A, 261238, 604
5, Q, 263207, 1367
6, Q, 267704, 1643
7, T, 268611, 1399
8, A, 279872, 663
9, M, 284225, 3155
10, A, 285864, 1070
11, P, 287062, 851
12, D, 291068, 1863
13, A, 297128, 874
14, A, 305630, 916
15, L, 306649, 1653
16, T, 308835, 1684
17, F, 309131, 1059
18, P, 313939, 590
19, E, 314704, 1925
20, G, 317652, 734
21, F, 321688, 876
22, L, 327640, 1251
23, W, 327438, 861
24, G, 336624, 320
25, S, 337426, 1533
26, A, 338401, 662
27, T, 339139, 619
28, A, 341447, 448
29, S, 343628, 1161
30, Y, 349657, 941
31, Q, 351081, 864
32, I, 358701, 1075
33, E, 360934, 794
34, G, 360417, 273
35, A, 364898, 392
36, A, 366852, 729
37, A, 374077, 866
38, E, 380141, 1367
39, D, 381921, 1524
40, G, 382174, 490
41, R, 403489, 475
42, T, 405312, 1253
43, P, 401918, 911
44, S, 407497, 793
45, I, 416718, 1339
46, W, 419215, 1153
47, D, 420882, 682
48, T, 425475, 1716
49, Y, 432720, 1482
50, A, 433304, 1126
51, R, 436080, 1051
52, T, 439477, 1533
53, P, 442491, 651
54, G, 445293, 496
55, R, 446427, 993
56, V, 449754, 751
57, R, 471912, 856
58, N, 473053, 1100
59, G, 474618, 515
60, D, 478321, 1051
61, T, 478542, 829
62, G, 494992, 630
63, D, 496438, 1301
64, V, 498237, 1062
65, A, 505845, 950
66, T, 508464, 1223
67, D, 528023, 1386
68, H, 551667, 969
69, Y, 573563, 1515
70, H, 572791, 1417
71, R, 572410, 796
72, W, 572912, 1776
73, R, 575063, 1494
74, E, 576098, 2734
75, D, 581977, 617
76, V, 588457, 2125
77, A, 592950, 1376
78, L, 593046, 1474
79, M, 595033, 3035
80, A, 603894, 1284
81, E, 609189, 2520
82, L, 611500, 1269
83, G, 623508, 1054
84, L, 627939, 1483
85, G, 640662, 1266
86, A, 644739, 1030
87, Y, 647654, 1141
88, R, 649157, 546
89, F, 661032, 2726
90, S, 663974, 930
91, L, 660704, 1149
92, A, 668301, 570
93, W, 666826, 1061
94, P, 667290, 1075
95, R, 670269, 679
96, I, 683851, 1799
97, Q, 685853, 2399
98, P, 683850, 1239
99, T, 685537, 2172
100, G, 686338, 1082
101, R, 706299, 1867
102, G, 709883, 810
103, P, 716801, 1701
104, A, 717828, 1458
105, L, 716640, 3175
106, Q, 729535, 4078
107, K, 729829, 3994
108, G, 729264, 537
109, L, 732783, 1234
110, D, 741574, 1745
111, F, 741978, 2155
112, Y, 741823, 1598
113, R, 737659, 1578
114, R, 738730, 1787
115, L, 739091, 1265
116, A, 740632, 2007
117, D, 742723, 1201
118, E, 743656, 3299
119, L, 747552, 1162
120, L, 747287, 2382
121, A, 756834, 1926
122, K, 755594, 4809
123, G, 754208, 1023
124, I, 758332, 2410
125, Q, 758457, 2833
126, P, 756310, 965
127, V, 766191, 1819
128, A, 770259, 1672
129, T, 789022, 1051
130, L, 803027, 1329
131, Y, 821297, 1511
132, H, 815511, 1248
133, W, 810279, 1646
134, D, 797678, 1179
135, L, 794960, 1270
136, P, 796965, 884
137, Q, 797531, 2545
138, E, 800807, 2612
139, L, 802528, 1892
140, E, 808492, 1586
141, N, 804333, 5265
142, A, 804888, 1452
143, G, 805257, 586
144, G, 806403, 458
145, W, 807667, 1565
146, P, 809940, 1941
147, E, 812570, 3247
148, R, 810332, 887
149, A, 826095, 1705
150, T, 826445, 2439
151, A, 821499, 1553
152, E, 821131, 3096
153, R, 820999, 1583
154, F, 820071, 4027
155, A, 831694, 1728
156, E, 836551, 2807
157, Y, 837565, 1881
158, A, 833691, 1215
159, A, 831670, 1696
160, I, 827320, 3186
161, A, 828201, 1473
162, A, 829166, 1616
163, D, 833475, 3339
164, A, 842797, 1217
165, L, 849837, 1122
166, G, 847024, 1487
167, D, 839788, 2255
168, R, 834750, 1830
169, V, 849874, 1391
170, K, 850132, 4021
171, T, 857934, 2340
172, W, 852202, 1895
173, T, 842988, 2039
174, T, 847580, 1695
175, L, 847967, 1683
176, N, 857108, 1114
177, E, 851940, 1292
178, P, 858104, 572
179, W, 863429, 1485
180, C, 871209, 1488
181, S, 856190, 2620
182, A, 862178, 756
183, F, 875076, 2104
184, L, 868940, 1387
185, G, 872496, 677
186, Y, 865667, 1682
187, G, 864903, 1486
188, S, 869053, 1353
189, G, 867642, 702
190, V, 864857, 3286
191, H, 872156, 1494
192, A, 872294, 745
193, P, 873059, 490
194, G, 890392, 593
195, R, 889558, 2089
196, T, 885119, 2152
197, D, 883220, 3279
198, P, 869319, 1296
199, V, 872215, 2628
200, A, 872710, 1428
201, A, 876075, 1058
202, L, 873720, 932
203, R, 873882, 1846
204, A, 872430, 1181
205, A, 877527, 1274
206, H, 884648, 1519
207, H, 889495, 1701
208, L, 897099, 1394
209, N, 904509, 2764
210, L, 890053, 1092
211, G, 891885, 1143
212, H, 890286, 1747
213, G, 891962, 468
214, L, 887905, 2642
215, A, 885729, 1525
216, V, 901917, 1991
217, Q, 902320, 4221
218, A, 900431, 1106
219, L, 894777, 819
220, R, 899016, 1614
221, D, 897923, 4110
222, R, 884973, 2011
223, L, 887857, 1538
224, P, 887500, 2092
225, A, 886294, 1696
226, D, 886082, 2935
227, A, 891454, 2087
228, Q, 900241, 4179
229, C, 952819, 2503
230, S, 939040, 1344
231, V, 908280, 1870
232, T, 913425, 1416
233, L, 924321, 1263
234, N, 937731, 2104
235, I, 923365, 2207
236, H, 930910, 3341
237, H, 923701, 3516
238, V, 919470, 2461
239, R, 916676, 1871
240, P, 916622, 1194
241, L, 916480, 2090
242, T, 919345, 3096
243, D, 919855, 3126
244, S, 925694, 2304
245, D, 925404, 3634
246, A, 919975, 1830
247, D, 928582, 1970
248, A, 934048, 2082
249, D, 933741, 2061
250, A, 924562, 1384
251, V, 927358, 3129
252, R, 928713, 753
253, R, 926838, 1774
254, I, 926307, 3241
255, D, 935288, 2124
256, A, 938107, 1123
257, L, 934762, 2005
258, A, 942689, 1306
259, N, 939862, 1774
260, R, 929139, 1074
261, V, 935577, 3566
262, F, 935382, 2094
263, T, 928817, 1634
264, G, 926611, 1329
265, P, 936926, 672
266, M, 951377, 3528
267, L, 949973, 1463
268, Q, 950720, 4713
269, G, 937012, 945
270, A, 938901, 2276
271, Y, 940509, 1864
272, P, 937895, 962
273, E, 939816, 4351
274, D, 936066, 1359
275, L, 931164, 1153
276, V, 949331, 2505
277, K, 947739, 7255
278, D, 948005, 1460
279, T, 932926, 2202
280, A, 935728, 1794
281, G, 940357, 1435
282, L, 936581, 2275
283, T, 937630, 2710
284, D, 936087, 2238
285, W, 935522, 1754
286, S, 945590, 2669
287, F, 943588, 2578
288, V, 931396, 2666
289, R, 932713, 2731
290, D, 933515, 5027
291, G, 942453, 1591
292, D, 942450, 1472
293, L, 931293, 3453
294, R, 935431, 2141
295, L, 933388, 2977
296, A, 926237, 2306
297, H, 925536, 3565
298, Q, 929183, 3698
299, K, 930107, 6328
300, L, 927085, 1093
301, D, 928001, 1917
302, F, 927514, 2775
303, L, 928494, 937
304, G, 928330, 633
305, V, 932436, 1715
306, N, 938339, 2134
307, Y, 953836, 1773
308, Y, 959935, 1255
309, S, 926261, 1652
310, P, 921978, 663
311, T, 925481, 1419
312, L, 923865, 1645
313, V, 925927, 1648
314, S, 919501, 1993
315, E, 914321, 3346
316, A, 912948, 1654
317, D, 916224, 3989
318, G, 917808, 1495
319, S, 915086, 3010
320, G, 908582, 1976
321, T, 903272, 4109
322, H, 913249, 4747
323, N, 912906, 4336
324, S, 902118, 3330
325, D, 898519, 3994
326, G, 894369, 1960
327, H, 897435, 3931
328, G, 900714, 1780
329, R, 905014, 2137
330, S, 902092, 4367
331, A, 895781, 2073
332, H, 888394, 3845
333, S, 878491, 2165
334, P, 877769, 1176
335, W, 872994, 1418
336, P, 869052, 1377
337, G, 878637, 1025
338, A, 879289, 1243
339, D, 877171, 3281
340, R, 840322, 2013
341, V, 842397, 1680
342, A, 840961, 1679
343, F, 835651, 3394
344, H, 836213, 3519
345, Q, 827362, 2995
346, P, 825295, 1479
347, P, 824866, 1251
348, G, 828068, 1200
349, E, 827266, 4043
350, T, 825073, 3233
351, T, 820587, 1771
352, A, 822647, 729
353, M, 820810, 2337
354, G, 827020, 1003
355, W, 813103, 1653
356, A, 798187, 1296
357, V, 802462, 2164
358, D, 799701, 2568
359, P, 793792, 1184
360, S, 787750, 2539
361, G, 786775, 1084
362, L, 790020, 1249
363, Y, 809655, 2840
364, E, 794685, 4046
365, L, 765582, 1081
366, L, 761287, 1088
367, R, 758085, 1908
368, R, 754392, 1705
369, L, 754394, 1064
370, S, 754903, 2807
371, S, 751219, 2046
372, D, 751269, 2685
373, F, 744870, 3451
374, P, 744448, 1025
375, A, 742645, 1326
376, L, 741777, 1394
377, P, 742811, 1195
378, L, 742498, 1145
379, V, 742917, 2113
380, I, 738416, 2082
381, T, 735098, 898
382, E, 735224, 1703
383, N, 735391, 2055
384, G, 729343, 484
385, A, 727391, 1056
386, A, 726043, 822
387, F, 727698, 4370
388, H, 727640, 2152
389, D, 721387, 1222
390, Y, 704936, 1520
391, A, 692986, 1105
392, D, 689993, 1888
393, P, 690473, 722
394, E, 690382, 3264
395, G, 686834, 870
396, N, 682605, 4299
397, V, 687046, 1195
398, N, 683732, 2435
399, D, 651833, 1267
400, P, 652674, 728
401, E, 651929, 1668
402, R, 641266, 598
403, I, 641632, 2279
404, A, 642713, 1633
405, Y, 616152, 1525
406, V, 605246, 1604
407, R, 591112, 1671
408, D, 587592, 2962
409, H, 580397, 978
410, L, 580087, 940
411, A, 577800, 1577
412, A, 568787, 1061
413, V, 567684, 1466
414, H, 563318, 3375
415, R, 551852, 1652
416, A, 543900, 660
417, I, 547564, 2113
418, K, 544972, 5018
419, D, 541460, 2598
420, G, 524250, 592
421, S, 529069, 1773
422, D, 524084, 1794
423, V, 486338, 1003
424, R, 485686, 1134
425, G, 484348, 594
426, Y, 484867, 1299
427, F, 480688, 1675
428, L, 468314, 894
429, W, 463140, 945
430, S, 460324, 1125
431, L, 462027, 958
432, L, 460878, 754
433, D, 459656, 870
434, N, 439086, 962
435, F, 432050, 1436
436, E, 431496, 906
437, W, 422444, 910
438, A, 422553, 1137
439, H, 421059, 1700
440, G, 413768, 324
441, Y, 408244, 990
442, S, 387416, 975
443, K, 378540, 2316
444, R, 375015, 333
445, F, 373773, 1511
446, G, 372222, 345
447, A, 363920, 904
448, V, 370817, 1364
449, Y, 366457, 964
450, V, 335192, 594
451, D, 272948, 874
452, Y, 268395, 700
453, P, 257530, 403
454, T, 254760, 709
455, G, 253094, 479
456, T, 252097, 1181
457, R, 251073, 342
458, I, 247985, 1009
459, P, 246593, 829
460, K, 243193, 673
461, A, 238524, 445
462, S, 231566, 996
463, A, 228524, 309
464, R, 226452, 667
465, W, 221788, 619
466, Y, 212086, 734
467, A, 203787, 394
468, E, 198595, 1416
469, V, 189376, 506
470, A, 186446, 436
471, R, 184003, 559
472, T, 182937, 1114
473, G, 181230, 378
474, V, 178775, 848
475, L, 177633, 586
476, P, 171567, 744
477, T, 169161, 805
478, A, 166538, 536
479, G, 165956, 384
480, D, 160414, 1043
481, P, 157224, 619
482, N, 154205, 1346
483, S, 152686, 893
484, S, 151412, 837
485, S, 146351, 722
486, V, 146053, 841
487, D, 145503, 997
488, K, 141658, 1495
489, L, 133998, 686
490, A, 133450, 449
491, A, 129135, 413
492, A, 128401, 401
493, L, 126774, 714
494, E, 125232, 985
495, H, 120218, 834
496, H, 111862, 776
497, H, 107215, 775
498, H, 98729, 671
499, H, 89431, 575
500, H, 80614, 540
501, *, 63445, 0
