0, M, 461551, 0
1, V, 498121, 3793
2, P, 506200, 2565
3, A, 509495, 1863
4, A, 513782, 2274
5, Q, 517472, 4420
6, Q, 524838, 4907
7, T, 526633, 3455
8, A, 541192, 1690
9, M, 547332, 7822
10, A, 548914, 2304
11, P, 549822, 2533
12, D, 555550, 3649
13, A, 564114, 2159
14, A, 576233, 2195
15, L, 577523, 4402
16, T, 580437, 4487
17, F, 579793, 6454
18, P, 585920, 3066
19, E, 587291, 5246
20, G, 591070, 1593
21, F, 596102, 7448
22, L, 603868, 4580
23, W, 604815, 6523
24, G, 769224, 2256
25, S, 783214, 4464
26, A, 791408, 2637
27, T, 796562, 4875
28, A, 802687, 2335
29, S, 807330, 6147
30, Y, 815602, 6995
31, Q, 818532, 7511
32, I, 822682, 6223
33, E, 830117, 7010
34, G, 823946, 2088
35, A, 828348, 2585
36, A, 829881, 2690
37, A, 834544, 2732
38, E, 839853, 6993
39, D, 836126, 6922
40, G, 827169, 2659
41, R, 835281, 4000
42, T, 835496, 4374
43, P, 810847, 3372
44, S, 815720, 4513
45, I, 823386, 6812
46, W, 819460, 7677
47, D, 817465, 4781
48, T, 814498, 6423
49, Y, 815627, 5558
50, A, 814920, 3869
51, R, 810965, 3427
52, T, 812739, 3822
53, P, 807881, 2879
54, G, 809710, 2446
55, R, 803670, 3448
56, V, 806666, 4880
57, R, 820541, 3819
58, N, 819994, 6280
59, G, 800853, 2404
60, D, 801908, 6593
61, T, 795308, 3898
62, G, 797634, 2608
63, D, 798821, 5499
64, V, 800484, 4290
65, A, 805634, 2584
66, T, 806746, 5768
67, D, 819368, 5517
68, H, 833654, 5502
69, Y, 845780, 6681
70, H, 832952, 5615
71, R, 812337, 2763
72, W, 812997, 6693
73, R, 812936, 3210
74, E, 814781, 6365
75, D, 817328, 3555
76, V, 821779, 6081
77, A, 824806, 2554
78, L, 819193, 4447
79, M, 820583, 8952
80, A, 824997, 2536
81, E, 828573, 5030
82, L, 825625, 3839
83, G, 833395, 2116
84, L, 830855, 4009
85, G, 836786, 2305
86, A, 836176, 2507
87, Y, 838729, 4767
88, R, 826375, 2562
89, F, 835295, 7215
90, S, 832054, 4387
91, L, 822554, 5313
92, A, 828294, 1704
93, W, 824795, 5844
94, P, 823622, 2960
95, R, 826574, 2640
96, I, 837313, 4906
97, Q, 838909, 5381
98, P, 832288, 2898
99, T, 833371, 3452
100, G, 834392, 2319
101, R, 847591, 3355
102, G, 849905, 1624
103, P, 846857, 2896
104, A, 846156, 2115
105, L, 841076, 4922
106, Q, 852475, 8079
107, K, 852884, 7421
108, G, 845133, 1443
109, L, 849000, 4724
110, D, 856175, 3914
111, F, 853372, 7413
112, Y, 851828, 6134
113, R, 842944, 2845
114, R, 843681, 3039
115, L, 844473, 4868
116, A, 846272, 2572
117, D, 848888, 3824
118, E, 850078, 6221
119, L, 853305, 3975
120, L, 852743, 4739
121, A, 859696, 2473
122, K, 857772, 8539
123, G, 852020, 1637
124, I, 854851, 5844
125, Q, 854295, 4728
126, P, 850578, 2346
127, V, 857341, 3900
128, A, 859316, 2684
129, T, 872337, 4174
130, L, 880504, 5625
131, Y, 894644, 3725
132, H, 878238, 4800
133, W, 865717, 6026
134, D, 843239, 4280
135, L, 839128, 4303
136, P, 840174, 2706
137, Q, 841101, 5928
138, E, 844354, 4822
139, L, 846822, 4174
140, E, 851679, 5347
141, N, 845826, 7391
142, A, 844184, 2007
143, G, 844729, 1594
144, G, 845715, 1828
145, W, 846572, 5779
146, P, 847744, 3018
147, E, 849960, 5072
148, R, 846930, 2347
149, A, 859299, 2272
150, T, 858798, 4057
151, A, 851251, 2194
152, E, 850934, 4734
153, R, 850158, 2211
154, F, 846255, 9107
155, A, 856860, 2244
156, E, 859703, 4778
157, Y, 859782, 5070
158, A, 850443, 1943
159, A, 847300, 2133
160, I, 841638, 4864
161, A, 842049, 2075
162, A, 842757, 2203
163, D, 846442, 4590
164, A, 852608, 1753
165, L, 856758, 3854
166, G, 851071, 2046
167, D, 842461, 4816
168, R, 837139, 3035
169, V, 854409, 3692
170, K, 854679, 6672
171, T, 863930, 3637
172, W, 857173, 6164
173, T, 847058, 3232
174, T, 852363, 4089
175, L, 853232, 4367
176, N, 863738, 5862
177, E, 859182, 5560
178, P, 867138, 2117
179, W, 872039, 4936
180, C, 879219, 5159
181, S, 863970, 6763
182, A, 870830, 2267
183, F, 882865, 6319
184, L, 878336, 3915
185, G, 881278, 2402
186, Y, 876910, 5084
187, G, 876504, 2257
188, S, 880209, 4097
189, G, 879393, 2328
190, V, 877011, 4113
191, H, 885541, 5509
192, A, 885963, 2528
193, P, 889733, 2161
194, G, 911483, 2164
195, R, 914548, 3380
196, T, 915522, 2977
197, D, 914778, 5628
198, P, 904879, 2395
199, V, 908645, 3553
200, A, 909685, 2153
201, A, 914172, 2120
202, L, 912855, 3781
203, R, 913485, 2436
204, A, 912698, 2189
205, A, 919046, 2617
206, H, 928953, 5608
207, H, 936369, 5176
208, L, 949373, 5502
209, N, 956630, 6485
210, L, 945598, 4191
211, G, 949752, 2601
212, H, 950612, 7598
213, G, 952989, 2033
214, L, 950924, 5486
215, A, 950246, 2385
216, V, 970453, 3955
217, Q, 972649, 7161
218, A, 971136, 1706
219, L, 969599, 4653
220, R, 977376, 3195
221, D, 976715, 6525
222, R, 968133, 3102
223, L, 970965, 5013
224, P, 971402, 3370
225, A, 972309, 2570
226, D, 973439, 4626
227, A, 981773, 2973
228, Q, 994886, 6699
229, C, 1058294, 6741
230, S, 1045784, 3059
231, V, 1020805, 5502
232, T, 1028236, 5300
233, L, 1044449, 5389
234, N, 1060543, 8688
235, I, 1050140, 6993
236, H, 1060025, 7725
237, H, 1053987, 6925
238, V, 1050927, 5926
239, R, 1049346, 3579
240, P, 1050615, 3097
241, L, 1051785, 5726
242, T, 1057567, 5295
243, D, 1059853, 5012
244, S, 1069336, 4631
245, D, 1069436, 5659
246, A, 1065338, 2518
247, D, 1073643, 6483
248, A, 1078875, 3194
249, D, 1078462, 4982
250, A, 1070741, 2847
251, V, 1073723, 5826
252, R, 1074745, 2936
253, R, 1073000, 3957
254, I, 1073272, 8091
255, D, 1081248, 7446
256, A, 1083766, 2736
257, L, 1081227, 5113
258, A, 1088624, 2745
259, N, 1086340, 6301
260, R, 1075855, 3326
261, V, 1082381, 6663
262, F, 1081640, 10236
263, T, 1074856, 3809
264, G, 1072267, 2691
265, P, 1082265, 3190
266, M, 1096759, 7860
267, L, 1095791, 6090
268, Q, 1095680, 8242
269, G, 1080520, 2266
270, A, 1082639, 3199
271, Y, 1084124, 6461
272, P, 1082563, 3482
273, E, 1084789, 7290
274, D, 1081690, 5130
275, L, 1077930, 5416
276, V, 1095165, 5178
277, K, 1094270, 13009
278, D, 1094393, 4810
279, T, 1079858, 6116
280, A, 1083110, 2759
281, G, 1087866, 2277
282, L, 1084364, 7041
283, T, 1085371, 5964
284, D, 1084127, 5049
285, W, 1083382, 7884
286, S, 1092828, 4564
287, F, 1089153, 10731
288, V, 1074901, 6794
289, R, 1076024, 3967
290, D, 1077033, 8024
291, G, 1086302, 2568
292, D, 1086805, 7136
293, L, 1079232, 6078
294, R, 1082545, 3269
295, L, 1080568, 6726
296, A, 1075416, 3249
297, H, 1075444, 6056
298, Q, 1079456, 8998
299, K, 1080417, 10586
300, L, 1078281, 4995
301, D, 1079262, 5212
302, F, 1078603, 8251
303, L, 1080061, 4195
304, G, 1079370, 2731
305, V, 1082965, 5280
306, N, 1089907, 9797
307, Y, 1108401, 6981
308, Y, 1114551, 5482
309, S, 1075607, 6507
310, P, 1071221, 2759
311, T, 1074063, 3837
312, L, 1072554, 5184
313, V, 1074334, 6036
314, S, 1068936, 5746
315, E, 1063504, 6161
316, A, 1062649, 2385
317, D, 1066180, 6890
318, G, 1067685, 2398
319, S, 1063478, 4574
320, G, 1056307, 2998
321, T, 1049420, 6567
322, H, 1061109, 7107
323, N, 1059912, 6576
324, S, 1044986, 5369
325, D, 1040600, 6126
326, G, 1035484, 3285
327, H, 1039754, 7241
328, G, 1044502, 2810
329, R, 1048709, 4171
330, S, 1043752, 6611
331, A, 1037772, 3086
332, H, 1030862, 5876
333, S, 1019482, 5046
334, P, 1019965, 2772
335, W, 1014732, 6870
336, P, 1011059, 2994
337, G, 1021654, 2473
338, A, 1021339, 2708
339, D, 1018265, 5682
340, R, 978049, 3192
341, V, 980432, 4706
342, A, 979368, 2788
343, F, 972657, 7764
344, H, 974744, 5457
345, Q, 965303, 5578
346, P, 963667, 2549
347, P, 963385, 2487
348, G, 968208, 2643
349, E, 967284, 8346
350, T, 965993, 5324
351, T, 961859, 5695
352, A, 966073, 2196
353, M, 964329, 7397
354, G, 972143, 2450
355, W, 956344, 6727
356, A, 938016, 1930
357, V, 944503, 4635
358, D, 940749, 7024
359, P, 934851, 3256
360, S, 928584, 4471
361, G, 927598, 2760
362, L, 931762, 5871
363, Y, 959155, 7818
364, E, 945803, 8612
365, L, 919106, 4987
366, L, 914589, 5383
367, R, 910979, 3120
368, R, 906871, 3680
369, L, 908527, 4552
370, S, 909188, 5171
371, S, 905812, 4757
372, D, 905495, 5599
373, F, 896944, 10343
374, P, 896226, 2594
375, A, 893921, 2372
376, L, 893059, 4792
377, P, 894147, 3103
378, L, 893753, 2868
379, V, 895102, 5521
380, I, 890415, 6918
381, T, 887806, 3711
382, E, 887750, 8082
383, N, 888153, 8973
384, G, 881740, 2351
385, A, 879903, 2752
386, A, 878991, 3134
387, F, 883007, 9042
388, H, 883668, 8145
389, D, 879568, 6248
390, Y, 861708, 6887
391, A, 848592, 2675
392, D, 844865, 5508
393, P, 846430, 3644
394, E, 846527, 6798
395, G, 843616, 2429
396, N, 839047, 8945
397, V, 848612, 5144
398, N, 843363, 7090
399, D, 809856, 6244
400, P, 812759, 3094
401, E, 812987, 6615
402, R, 803204, 2964
403, I, 807808, 6091
404, A, 811787, 2664
405, Y, 783919, 5050
406, V, 771732, 4625
407, R, 751076, 3860
408, D, 746415, 6045
409, H, 739271, 5669
410, L, 740744, 5129
411, A, 738273, 2586
412, A, 731663, 2447
413, V, 730726, 3860
414, H, 726127, 6598
415, R, 713682, 3154
416, A, 705316, 2539
417, I, 715011, 5375
418, K, 712602, 9342
419, D, 708340, 5043
420, G, 688030, 2060
421, S, 700216, 5257
422, D, 694302, 4042
423, V, 652904, 4793
424, R, 652043, 2709
425, G, 651552, 2963
426, Y, 654918, 6166
427, F, 652426, 8025
428, L, 640174, 4294
429, W, 634352, 5282
430, S, 631607, 4847
431, L, 636247, 3999
432, L, 636429, 4182
433, D, 635509, 4705
434, N, 616653, 5031
435, F, 611750, 6636
436, E, 610549, 5186
437, W, 601866, 5113
438, A, 604187, 2304
439, H, 604606, 5503
440, G, 605625, 1870
441, Y, 601310, 4846
442, S, 583257, 5460
443, K, 575087, 8360
444, R, 573186, 1847
445, F, 573310, 7830
446, G, 571079, 2167
447, A, 562886, 1884
448, V, 588169, 3834
449, Y, 586318, 5146
450, V, 552604, 3499
451, D, 484627, 3877
452, Y, 479274, 3491
453, P, 466876, 2465
454, T, 463868, 2822
455, G, 462019, 1878
456, T, 460918, 3865
457, R, 460032, 2226
458, I, 457079, 4253
459, P, 459584, 2272
460, K, 456074, 5328
461, A, 453449, 1186
462, S, 447136, 4949
463, A, 445536, 1417
464, R, 444982, 2217
465, W, 441991, 4704
466, Y, 433500, 4319
467, A, 428433, 1402
468, E, 423838, 4002
469, V, 414741, 2738
470, A, 411254, 1526
471, R, 408615, 2467
472, T, 407615, 3314
473, G, 407677, 1258
474, V, 406521, 2788
475, L, 406218, 3398
476, P, 400798, 2164
477, T, 398017, 2189
478, A, 396213, 1364
479, G, 396280, 1334
480, D, 391003, 3095
481, P, 389130, 1942
482, N, 387185, 3617
483, S, 386705, 3001
484, S, 384605, 2443
485, S, 379571, 2296
486, V, 381120, 2721
487, D, 379970, 3391
488, K, 375389, 4480
489, L, 368665, 2334
490, A, 366773, 1461
491, A, 361430, 1344
492, A, 359916, 1461
493, L, 363014, 2411
494, E, 361206, 4024
495, H, 356105, 3231
496, H, 350489, 3327
497, H, 345998, 3374
498, H, 337280, 3240
499, H, 325526, 3107
500, H, 311979, 2986
501, *, 261059, 0
