0, M, 241618, 0
1, V, 256311, 1480
2, P, 258977, 689
3, A, 260455, 733
4, A, 262864, 731
5, Q, 264747, 1534
6, Q, 269614, 1752
7, T, 270661, 1621
8, A, 282935, 735
9, M, 287357, 3289
10, A, 289796, 1038
11, P, 291604, 856
12, D, 296142, 1954
13, A, 302949, 1016
14, A, 312709, 947
15, L, 313872, 1671
16, T, 316378, 1769
17, F, 317081, 1483
18, P, 322179, 725
19, E, 323303, 1998
20, G, 326613, 728
21, F, 331435, 1348
22, L, 337936, 1304
23, W, 338749, 1150
24, G, 354952, 504
25, S, 356650, 1706
26, A, 357995, 751
27, T, 359008, 853
28, A, 361607, 526
29, S, 364065, 1404
30, Y, 370346, 1176
31, Q, 372112, 1066
32, I, 381635, 1233
33, E, 384525, 1069
34, G, 384768, 336
35, A, 390002, 552
36, A, 392342, 841
37, A, 400906, 1023
38, E, 408014, 1798
39, D, 410556, 1765
40, G, 411702, 613
41, R, 437201, 648
42, T, 439272, 1677
43, P, 438257, 882
44, S, 444579, 1066
45, I, 455442, 1880
46, W, 459117, 1577
47, D, 461566, 924
48, T, 468258, 2395
49, Y, 477390, 1691
50, A, 478330, 1299
51, R, 482993, 1153
52, T, 487270, 1568
53, P, 491550, 827
54, G, 495084, 767
55, R, 497373, 1246
56, V, 501732, 1075
57, R, 526568, 1021
58, N, 528851, 1289
59, G, 534427, 653
60, D, 539057, 1543
61, T, 540242, 987
62, G, 558990, 886
63, D, 560660, 1398
64, V, 562791, 1162
65, A, 571441, 1074
66, T, 574593, 1733
67, D, 595907, 1622
68, H, 622630, 1191
69, Y, 647063, 1975
70, H, 647640, 1658
71, R, 650279, 970
72, W, 651113, 1987
73, R, 653916, 1762
74, E, 655208, 3452
75, D, 662586, 933
76, V, 670239, 2497
77, A, 675418, 1628
78, L, 676549, 1855
79, M, 679315, 4140
80, A, 690086, 1540
81, E, 697162, 2790
82, L, 701092, 1575
83, G, 714957, 1271
84, L, 721761, 1892
85, G, 737991, 1447
86, A, 744412, 1262
87, Y, 747725, 1532
88, R, 752720, 743
89, F, 766227, 3485
90, S, 771516, 1434
91, L, 769726, 1743
92, A, 778525, 720
93, W, 777917, 1584
94, P, 778945, 1377
95, R, 782666, 1005
96, I, 798822, 2340
97, Q, 801388, 3167
98, P, 800396, 1564
99, T, 802461, 2926
100, G, 803754, 1355
101, R, 827508, 2307
102, G, 831831, 1107
103, P, 841739, 2061
104, A, 843480, 1790
105, L, 843641, 3914
106, Q, 858245, 5331
107, K, 859170, 4970
108, G, 860260, 570
109, L, 864170, 1768
110, D, 873968, 2132
111, F, 875261, 2859
112, Y, 875588, 2336
113, R, 872751, 2072
114, R, 874118, 1991
115, L, 874794, 1856
116, A, 876767, 2316
117, D, 879556, 1719
118, E, 880910, 4011
119, L, 885462, 1692
120, L, 885611, 3107
121, A, 896737, 2168
122, K, 896290, 5851
123, G, 895609, 1267
124, I, 900489, 3212
125, Q, 900790, 3465
126, P, 899164, 1332
127, V, 909936, 2284
128, A, 914489, 1882
129, T, 936093, 1574
130, L, 952853, 2163
131, Y, 972835, 2099
132, H, 969617, 1835
133, W, 965941, 2236
134, D, 954705, 1519
135, L, 952184, 1959
136, P, 954507, 1190
137, Q, 955352, 3050
138, E, 959493, 3169
139, L, 961465, 2718
140, E, 968398, 2355
141, N, 964534, 6613
142, A, 965400, 1809
143, G, 965891, 1008
144, G, 967679, 673
145, W, 969199, 2285
146, P, 972124, 2316
147, E, 975526, 4197
148, R, 973028, 1434
149, A, 991010, 2087
150, T, 991818, 3020
151, A, 987603, 2075
152, E, 987614, 3887
153, R, 987308, 2131
154, F, 986374, 5086
155, A, 999272, 2121
156, E, 1005266, 3401
157, Y, 1006675, 2476
158, A, 1002985, 1738
159, A, 1000966, 2016
160, I, 996749, 4245
161, A, 997796, 1958
162, A, 999160, 2000
163, D, 1004139, 4184
164, A, 1014713, 1514
165, L, 1023261, 1652
166, G, 1020306, 1821
167, D, 1012549, 3171
168, R, 1007074, 2329
169, V, 1024089, 2120
170, K, 1024626, 5181
171, T, 1034771, 3098
172, W, 1029054, 2631
173, T, 1019630, 2396
174, T, 1025067, 2264
175, L, 1025754, 2272
176, N, 1036520, 1721
177, E, 1031238, 1779
178, P, 1039170, 825
179, W, 1046452, 2057
180, C, 1055758, 1920
181, S, 1039300, 3857
182, A, 1046626, 1040
183, F, 1062561, 3333
184, L, 1055518, 1933
185, G, 1059675, 945
186, Y, 1052351, 2408
187, G, 1051478, 1823
188, S, 1056541, 1980
189, G, 1055173, 1086
190, V, 1052337, 3795
191, H, 1061014, 2326
192, A, 1061373, 1051
193, P, 1062690, 840
194, G, 1083176, 880
195, R, 1083018, 2706
196, T, 1078080, 2709
197, D, 1075877, 3963
198, P, 1060889, 1755
199, V, 1064692, 3239
200, A, 1065412, 1614
201, A, 1069606, 1358
202, L, 1067103, 1447
203, R, 1067405, 2174
204, A, 1065667, 1644
205, A, 1072297, 1860
206, H, 1080596, 2246
207, H, 1086322, 2396
208, L, 1095970, 2238
209, N, 1105038, 3816
210, L, 1088681, 1807
211, G, 1091129, 1494
212, H, 1089600, 2532
213, G, 1091538, 782
214, L, 1087211, 3265
215, A, 1084903, 2042
216, V, 1104008, 2635
217, Q, 1104816, 5544
218, A, 1102591, 1266
219, L, 1095831, 1190
220, R, 1100757, 2250
221, D, 1100290, 5218
222, R, 1085331, 2708
223, L, 1089010, 2278
224, P, 1088810, 2659
225, A, 1087525, 2244
226, D, 1087367, 3649
227, A, 1094441, 2432
228, Q, 1105188, 5332
229, C, 1167718, 3695
230, S, 1151682, 2017
231, V, 1116950, 2774
232, T, 1122734, 2063
233, L, 1135005, 2137
234, N, 1150968, 3376
235, I, 1134033, 3118
236, H, 1142688, 4423
237, H, 1134333, 4920
238, V, 1129760, 3772
239, R, 1126376, 2356
240, P, 1126570, 1458
241, L, 1126523, 2964
242, T, 1129954, 4028
243, D, 1130645, 3733
244, S, 1137309, 3011
245, D, 1136989, 4527
246, A, 1131197, 2138
247, D, 1141714, 2813
248, A, 1147905, 2544
249, D, 1147934, 3131
250, A, 1137658, 1913
251, V, 1141195, 4301
252, R, 1142647, 1082
253, R, 1140165, 2515
254, I, 1139679, 4780
255, D, 1149979, 3366
256, A, 1153645, 1778
257, L, 1149598, 2616
258, A, 1159038, 1735
259, N, 1155921, 2612
260, R, 1143384, 1624
261, V, 1150546, 4585
262, F, 1150583, 3348
263, T, 1143155, 2302
264, G, 1140742, 1680
265, P, 1153251, 1085
266, M, 1171032, 4854
267, L, 1169180, 2517
268, Q, 1169988, 6030
269, G, 1154719, 1196
270, A, 1157107, 2869
271, Y, 1158999, 2613
272, P, 1155945, 1465
273, E, 1158241, 5240
274, D, 1154199, 1915
275, L, 1149006, 1878
276, V, 1169616, 3461
277, K, 1167920, 8863
278, D, 1168450, 2347
279, T, 1152171, 3277
280, A, 1155684, 2073
281, G, 1160766, 1811
282, L, 1156176, 3282
283, T, 1157232, 3693
284, D, 1155513, 3032
285, W, 1154779, 2510
286, S, 1165782, 3429
287, F, 1163637, 3735
288, V, 1149406, 3744
289, R, 1150578, 3383
290, D, 1151668, 6425
291, G, 1161838, 1920
292, D, 1161656, 2428
293, L, 1149596, 4480
294, R, 1154003, 2819
295, L, 1151522, 3977
296, A, 1143348, 2844
297, H, 1142402, 4620
298, Q, 1146310, 5539
299, K, 1147263, 7871
300, L, 1143918, 1844
301, D, 1144923, 2851
302, F, 1144356, 3738
303, L, 1145234, 1315
304, G, 1144758, 922
305, V, 1149182, 2381
306, N, 1155420, 3263
307, Y, 1171043, 2367
308, Y, 1177250, 1825
309, S, 1140413, 2381
310, P, 1135728, 892
311, T, 1139893, 1870
312, L, 1138012, 2061
313, V, 1139976, 2304
314, S, 1132451, 2677
315, E, 1126180, 4740
316, A, 1124740, 1921
317, D, 1128311, 5275
318, G, 1130023, 1920
319, S, 1126792, 3522
320, G, 1119366, 2396
321, T, 1113263, 5237
322, H, 1123489, 5810
323, N, 1123143, 5086
324, S, 1109790, 3905
325, D, 1105421, 4884
326, G, 1100865, 2204
327, H, 1104096, 5141
328, G, 1107192, 2083
329, R, 1110622, 2790
330, S, 1106068, 5256
331, A, 1097917, 2581
332, H, 1089385, 4917
333, S, 1077124, 2675
334, P, 1075396, 1640
335, W, 1070398, 2039
336, P, 1065833, 1897
337, G, 1074932, 1651
338, A, 1074771, 1828
339, D, 1072630, 4190
340, R, 1029124, 2452
341, V, 1030344, 2271
342, A, 1028184, 2184
343, F, 1022175, 4577
344, H, 1022190, 4466
345, Q, 1012149, 3684
346, P, 1009622, 1781
347, P, 1009145, 1632
348, G, 1011883, 1465
349, E, 1010764, 5037
350, T, 1007664, 4081
351, T, 1002383, 2459
352, A, 1002823, 963
353, M, 1000731, 3126
354, G, 1005479, 1409
355, W, 988657, 2196
356, A, 969427, 1595
357, V, 972719, 2708
358, D, 968962, 3409
359, P, 961816, 1531
360, S, 955077, 3412
361, G, 953664, 1388
362, L, 955882, 1820
363, Y, 972013, 3923
364, E, 952194, 5200
365, L, 918795, 1459
366, L, 913735, 1466
367, R, 909847, 2060
368, R, 905263, 1896
369, L, 904882, 1507
370, S, 905029, 3720
371, S, 900214, 2560
372, D, 899759, 3483
373, F, 891959, 5396
374, P, 891056, 1462
375, A, 888851, 1671
376, L, 887867, 1900
377, P, 888532, 1360
378, L, 887894, 1409
379, V, 887412, 2530
380, I, 882009, 2656
381, T, 876851, 1330
382, E, 876406, 2272
383, N, 876016, 2792
384, G, 868689, 599
385, A, 865649, 1405
386, A, 863276, 1032
387, F, 862524, 5320
388, H, 861300, 3028
389, D, 850704, 2047
390, Y, 831112, 1947
391, A, 816417, 1229
392, D, 812810, 2357
393, P, 812401, 1125
394, E, 812166, 3997
395, G, 807763, 1214
396, N, 802884, 5394
397, V, 804379, 1578
398, N, 800426, 2649
399, D, 762945, 1767
400, P, 761882, 952
401, E, 760593, 2124
402, R, 748179, 852
403, I, 744654, 3080
404, A, 742053, 1874
405, Y, 712286, 1890
406, V, 699534, 2154
407, R, 681618, 2034
408, D, 677284, 3558
409, H, 668872, 1573
410, L, 666879, 1379
411, A, 663626, 1745
412, A, 651885, 1548
413, V, 649836, 1903
414, H, 644398, 4020
415, R, 630752, 1907
416, A, 620900, 924
417, I, 622252, 2788
418, K, 618848, 5591
419, D, 615340, 3152
420, G, 594934, 841
421, S, 596025, 2319
422, D, 588808, 2040
423, V, 545873, 1290
424, R, 545027, 1530
425, G, 543183, 718
426, Y, 542700, 1667
427, F, 537145, 2363
428, L, 522284, 1112
429, W, 516609, 1207
430, S, 513587, 1308
431, L, 514047, 1296
432, L, 512422, 1071
433, D, 510544, 1270
434, N, 487207, 1246
435, F, 478508, 1694
436, E, 477770, 1180
437, W, 468063, 1055
438, A, 467608, 1245
439, H, 465727, 2103
440, G, 455735, 386
441, Y, 449366, 1408
442, S, 426363, 1266
443, K, 416933, 2603
444, R, 413022, 463
445, F, 411391, 1756
446, G, 409476, 482
447, A, 400529, 904
448, V, 403965, 1451
449, Y, 398669, 1274
450, V, 364762, 673
451, D, 296757, 1094
452, Y, 291200, 831
453, P, 279909, 456
454, T, 276818, 751
455, G, 274838, 617
456, T, 273759, 1379
457, R, 272560, 440
458, I, 268979, 1123
459, P, 266867, 989
460, K, 263108, 968
461, A, 257926, 483
462, S, 250712, 1176
463, A, 247211, 401
464, R, 244925, 710
465, W, 239509, 710
466, Y, 228904, 997
467, A, 219629, 520
468, E, 214041, 1538
469, V, 204381, 597
470, A, 201111, 551
471, R, 198425, 710
472, T, 197188, 1268
473, G, 195175, 413
474, V, 192593, 961
475, L, 191148, 649
476, P, 184510, 838
477, T, 181932, 884
478, A, 179134, 540
479, G, 178267, 408
480, D, 172483, 1271
481, P, 169044, 660
482, N, 165913, 1363
483, S, 164206, 1008
484, S, 162728, 1009
485, S, 157485, 811
486, V, 156969, 954
487, D, 156274, 1135
488, K, 152183, 1540
489, L, 143969, 779
490, A, 143335, 497
491, A, 138512, 503
492, A, 137742, 475
493, L, 136090, 742
494, E, 134327, 1117
495, H, 128852, 976
496, H, 119830, 864
497, H, 114836, 863
498, H, 105548, 661
499, H, 95645, 659
500, H, 86068, 623
501, *, 67028, 0
