0, M, 251997, 0
1, V, 268265, 1742
2, P, 271281, 1020
3, A, 272864, 964
4, A, 275243, 859
5, Q, 277189, 1896
6, Q, 281704, 2263
7, T, 282724, 2089
8, A, 293986, 881
9, M, 298205, 3249
10, A, 300311, 1229
11, P, 302069, 1231
12, D, 306417, 2433
13, A, 312882, 1202
14, A, 321677, 1171
15, L, 322945, 1984
16, T, 325358, 2299
17, F, 326074, 1060
18, P, 331257, 751
19, E, 332324, 2316
20, G, 335513, 655
21, F, 340002, 903
22, L, 346517, 1224
23, W, 347164, 786
24, G, 365233, 271
25, S, 366866, 1700
26, A, 368289, 559
27, T, 369385, 549
28, A, 372113, 407
29, S, 374496, 1312
30, Y, 380892, 888
31, Q, 382853, 880
32, I, 392611, 1107
33, E, 395870, 842
34, G, 396342, 282
35, A, 401322, 411
36, A, 403346, 732
37, A, 411636, 942
38, E, 418683, 1669
39, D, 421399, 1876
40, G, 422511, 495
41, R, 446208, 509
42, T, 448345, 1884
43, P, 447473, 747
44, S, 453752, 712
45, I, 464417, 1388
46, W, 467887, 1265
47, D, 470243, 723
48, T, 476969, 2155
49, Y, 485781, 1831
50, A, 486806, 1184
51, R, 491511, 1146
52, T, 495562, 1597
53, P, 499988, 672
54, G, 503288, 580
55, R, 505597, 1250
56, V, 509863, 727
57, R, 533586, 970
58, N, 535792, 1075
59, G, 542831, 546
60, D, 547025, 1256
61, T, 548221, 1086
62, G, 563559, 477
63, D, 565131, 1217
64, V, 567430, 1531
65, A, 574976, 1035
66, T, 577646, 1515
67, D, 596760, 1577
68, H, 620897, 814
69, Y, 643435, 1200
70, H, 644353, 1233
71, R, 646783, 824
72, W, 647688, 1312
73, R, 650331, 1774
74, E, 651606, 3179
75, D, 658251, 543
76, V, 665234, 1794
77, A, 670035, 1513
78, L, 671293, 1474
79, M, 673902, 3161
80, A, 683865, 1481
81, E, 689929, 2745
82, L, 693915, 1229
83, G, 706386, 1128
84, L, 712160, 1648
85, G, 726997, 1235
86, A, 732892, 847
87, Y, 736146, 1093
88, R, 741115, 720
89, F, 753350, 2207
90, S, 758654, 1008
91, L, 757233, 1004
92, A, 765398, 609
93, W, 764873, 1104
94, P, 765974, 1107
95, R, 769785, 570
96, I, 784834, 1734
97, Q, 787713, 2832
98, P, 787070, 1015
99, T, 789129, 2713
100, G, 790526, 1240
101, R, 810976, 2423
102, G, 815140, 664
103, P, 824682, 1777
104, A, 826526, 1576
105, L, 827586, 2935
106, Q, 842186, 4974
107, K, 843834, 4402
108, G, 845755, 449
109, L, 849812, 1109
110, D, 859276, 1719
111, F, 861097, 2082
112, Y, 861653, 1537
113, R, 859367, 1736
114, R, 860774, 1863
115, L, 861538, 1213
116, A, 863542, 2130
117, D, 866475, 1265
118, E, 867992, 3950
119, L, 872425, 1194
120, L, 872909, 2476
121, A, 883418, 2187
122, K, 883173, 5408
123, G, 883736, 996
124, I, 888317, 2603
125, Q, 888789, 3529
126, P, 887898, 1096
127, V, 897878, 1341
128, A, 902344, 1673
129, T, 922480, 1124
130, L, 939537, 1239
131, Y, 959392, 1587
132, H, 961061, 1193
133, W, 959836, 1522
134, D, 951655, 1228
135, L, 950241, 1323
136, P, 952679, 879
137, Q, 953703, 3220
138, E, 957923, 3301
139, L, 960324, 2063
140, E, 967632, 1990
141, N, 965021, 6434
142, A, 966680, 1688
143, G, 967241, 690
144, G, 969392, 527
145, W, 970798, 1664
146, P, 974045, 1884
147, E, 977265, 4239
148, R, 975795, 789
149, A, 992477, 1916
150, T, 993835, 2496
151, A, 992114, 1693
152, E, 992245, 3633
153, R, 992584, 2054
154, F, 992436, 4825
155, A, 1005220, 1911
156, E, 1011584, 3200
157, Y, 1013398, 1903
158, A, 1011761, 1464
159, A, 1010438, 1727
160, I, 1006998, 3510
161, A, 1008027, 1733
162, A, 1009518, 1641
163, D, 1014291, 4266
164, A, 1024785, 1244
165, L, 1033162, 1222
166, G, 1032294, 1752
167, D, 1026394, 2671
168, R, 1022156, 2869
169, V, 1038803, 1695
170, K, 1039571, 4704
171, T, 1049945, 2693
172, W, 1045487, 1826
173, T, 1038261, 2360
174, T, 1043704, 2035
175, L, 1045223, 1564
176, N, 1055724, 1173
177, E, 1052092, 1497
178, P, 1059970, 606
179, W, 1067009, 1591
180, C, 1076285, 1528
181, S, 1063473, 2553
182, A, 1071469, 788
183, F, 1085431, 2160
184, L, 1080223, 1560
185, G, 1084735, 663
186, Y, 1079746, 1658
187, G, 1079454, 1950
188, S, 1084395, 1558
189, G, 1083227, 622
190, V, 1081127, 4487
191, H, 1089051, 1481
192, A, 1089682, 664
193, P, 1091736, 530
194, G, 1110771, 612
195, R, 1110963, 2564
196, T, 1108387, 2440
197, D, 1107263, 3724
198, P, 1095338, 1615
199, V, 1098779, 2786
200, A, 1099700, 1845
201, A, 1103585, 1016
202, L, 1101898, 981
203, R, 1102481, 1829
204, A, 1101164, 1141
205, A, 1107257, 1309
206, H, 1114980, 1478
207, H, 1120950, 1962
208, L, 1130313, 1564
209, N, 1139218, 3025
210, L, 1125901, 1318
211, G, 1128971, 1425
212, H, 1127915, 1885
213, G, 1130235, 786
214, L, 1126805, 2872
215, A, 1125194, 1609
216, V, 1142581, 2378
217, Q, 1143593, 4826
218, A, 1142209, 1628
219, L, 1137506, 978
220, R, 1142709, 1752
221, D, 1142329, 4850
222, R, 1130253, 2524
223, L, 1133470, 1882
224, P, 1133450, 2304
225, A, 1132670, 2170
226, D, 1132637, 3371
227, A, 1138484, 2414
228, Q, 1148207, 4896
229, C, 1204187, 2387
230, S, 1189227, 1803
231, V, 1160103, 1804
232, T, 1165195, 1606
233, L, 1176315, 1312
234, N, 1190754, 2612
235, I, 1176157, 2650
236, H, 1183575, 4286
237, H, 1175515, 3949
238, V, 1171453, 2921
239, R, 1168731, 2113
240, P, 1168810, 1307
241, L, 1168512, 2538
242, T, 1171619, 3603
243, D, 1172146, 3802
244, S, 1177709, 2262
245, D, 1177365, 4328
246, A, 1172337, 2107
247, D, 1180745, 2272
248, A, 1185718, 2383
249, D, 1185373, 2611
250, A, 1176177, 1394
251, V, 1178983, 3873
252, R, 1179961, 927
253, R, 1177746, 1995
254, I, 1176940, 3494
255, D, 1185150, 2562
256, A, 1187588, 1300
257, L, 1183461, 2102
258, A, 1191165, 1385
259, N, 1187922, 2079
260, R, 1176895, 1283
261, V, 1182594, 4381
262, F, 1182262, 2472
263, T, 1174549, 1852
264, G, 1172192, 1368
265, P, 1181737, 728
266, M, 1195350, 3918
267, L, 1192820, 1564
268, Q, 1193049, 6409
269, G, 1179262, 1119
270, A, 1180371, 2675
271, Y, 1181310, 1996
272, P, 1177580, 1487
273, E, 1178923, 5974
274, D, 1174809, 1567
275, L, 1169680, 1293
276, V, 1185153, 2901
277, K, 1183185, 9342
278, D, 1182945, 1449
279, T, 1167980, 2140
280, A, 1170030, 1761
281, G, 1173643, 1887
282, L, 1169069, 2918
283, T, 1169690, 2723
284, D, 1167482, 2445
285, W, 1166545, 1641
286, S, 1173743, 2775
287, F, 1170452, 2974
288, V, 1156071, 2969
289, R, 1156263, 2684
290, D, 1156639, 5648
291, G, 1162312, 1848
292, D, 1161416, 1628
293, L, 1150337, 3602
294, R, 1152832, 2539
295, L, 1149791, 3600
296, A, 1142608, 2676
297, H, 1141414, 3799
298, Q, 1144314, 4801
299, K, 1144893, 7541
300, L, 1141699, 1141
301, D, 1142300, 2003
302, F, 1141228, 3236
303, L, 1140679, 891
304, G, 1139390, 603
305, V, 1141892, 1709
306, N, 1146194, 1985
307, Y, 1154989, 1824
308, Y, 1157819, 1241
309, S, 1122294, 1660
310, P, 1117134, 662
311, T, 1119309, 1386
312, L, 1116955, 1970
313, V, 1117944, 1441
314, S, 1110934, 2060
315, E, 1105154, 4027
316, A, 1103633, 1791
317, D, 1105784, 4722
318, G, 1106307, 2042
319, S, 1102172, 3233
320, G, 1095600, 2166
321, T, 1089964, 4722
322, H, 1097125, 5826
323, N, 1095813, 4809
324, S, 1081165, 4008
325, D, 1076878, 5055
326, G, 1072456, 3383
327, H, 1074308, 5383
328, G, 1075887, 2140
329, R, 1076260, 2286
330, S, 1070028, 5590
331, A, 1061145, 2571
332, H, 1052037, 4760
333, S, 1040549, 2111
334, P, 1037143, 1298
335, W, 1032258, 1484
336, P, 1028014, 1525
337, G, 1033588, 1534
338, A, 1031736, 1228
339, D, 1029385, 3347
340, R, 988732, 2373
341, V, 988740, 1499
342, A, 985734, 2045
343, F, 979825, 3344
344, H, 979290, 3437
345, Q, 969801, 2983
346, P, 967383, 1761
347, P, 966841, 1324
348, G, 968518, 1157
349, E, 967463, 4342
350, T, 964373, 3473
351, T, 959364, 1660
352, A, 958254, 678
353, M, 956107, 2383
354, G, 958022, 1054
355, W, 943088, 1984
356, A, 926103, 1220
357, V, 928067, 2576
358, D, 924595, 2775
359, P, 918146, 1124
360, S, 911912, 3150
361, G, 910383, 1011
362, L, 911103, 1232
363, Y, 921425, 2795
364, E, 903418, 4244
365, L, 874391, 1123
366, L, 869718, 1060
367, R, 866329, 1761
368, R, 862171, 1777
369, L, 861532, 1129
370, S, 861344, 2896
371, S, 856825, 2358
372, D, 856333, 2605
373, F, 849465, 3858
374, P, 848397, 1286
375, A, 846300, 1741
376, L, 845389, 1623
377, P, 845828, 987
378, L, 845124, 1133
379, V, 844295, 2258
380, I, 839411, 1802
381, T, 834341, 933
382, E, 833850, 1425
383, N, 833302, 1713
384, G, 826111, 479
385, A, 822916, 1006
386, A, 820704, 690
387, F, 819065, 5329
388, H, 817382, 2340
389, D, 806518, 1218
390, Y, 788644, 1350
391, A, 776037, 1050
392, D, 772871, 2171
393, P, 772146, 831
394, E, 771781, 3103
395, G, 767859, 949
396, N, 763172, 4017
397, V, 763538, 1190
398, N, 758780, 3545
399, D, 724664, 1365
400, P, 723183, 569
401, E, 721559, 1412
402, R, 710322, 622
403, I, 706174, 2134
404, A, 703001, 1996
405, Y, 674659, 1393
406, V, 662786, 1704
407, R, 645634, 1933
408, D, 641578, 2846
409, H, 633813, 926
410, L, 631457, 1008
411, A, 628226, 1510
412, A, 617605, 1090
413, V, 615408, 1513
414, H, 610181, 3043
415, R, 596486, 1973
416, A, 586629, 749
417, I, 587198, 1953
418, K, 583711, 5327
419, D, 580095, 2768
420, G, 560569, 556
421, S, 560134, 1966
422, D, 552977, 1398
423, V, 513226, 807
424, R, 512343, 961
425, G, 510611, 627
426, Y, 509885, 1249
427, F, 503932, 1624
428, L, 488993, 824
429, W, 483057, 1059
430, S, 480142, 945
431, L, 480307, 1109
432, L, 478762, 780
433, D, 476817, 744
434, N, 455109, 682
435, F, 446765, 1582
436, E, 445763, 747
437, W, 436906, 819
438, A, 436254, 1252
439, H, 434185, 1922
440, G, 424596, 381
441, Y, 418438, 940
442, S, 397214, 1071
443, K, 388529, 1856
444, R, 384624, 403
445, F, 382764, 1450
446, G, 380801, 372
447, A, 372212, 994
448, V, 374817, 1127
449, Y, 369198, 868
450, V, 336853, 744
451, D, 272840, 864
452, Y, 267626, 526
453, P, 256838, 323
454, T, 253848, 470
455, G, 252007, 616
456, T, 250897, 1123
457, R, 249575, 301
458, I, 246057, 758
459, P, 243955, 826
460, K, 240367, 581
461, A, 235769, 531
462, S, 229174, 917
463, A, 225906, 255
464, R, 223409, 758
465, W, 218260, 518
466, Y, 208245, 749
467, A, 199730, 338
468, E, 194185, 1652
469, V, 185423, 390
470, A, 182566, 498
471, R, 179906, 594
472, T, 178707, 1067
473, G, 176851, 352
474, V, 174424, 894
475, L, 172994, 460
476, P, 166721, 803
477, T, 164367, 916
478, A, 161881, 564
479, G, 161016, 490
480, D, 155647, 1385
481, P, 152417, 744
482, N, 149304, 1530
483, S, 147695, 975
484, S, 146291, 893
485, S, 141382, 846
486, V, 140862, 936
487, D, 140167, 1153
488, K, 136279, 1516
489, L, 129246, 791
490, A, 128630, 517
491, A, 124281, 476
492, A, 123490, 472
493, L, 121868, 851
494, E, 120128, 1083
495, H, 115124, 943
496, H, 107358, 826
497, H, 102627, 841
498, H, 94268, 726
499, H, 85444, 620
500, H, 76715, 638
501, *, 59371, 0
