0, M, 357818, 0
1, V, 379724, 2673
2, P, 384369, 744
3, A, 386553, 946
4, A, 389671, 981
5, Q, 392325, 2984
6, Q, 397867, 3001
7, T, 398947, 2630
8, A, 410314, 849
9, M, 415225, 4711
10, A, 414886, 1282
11, P, 414237, 1352
12, D, 418888, 1930
13, A, 425088, 1396
14, A, 434237, 955
15, L, 434265, 2413
16, T, 436184, 2913
17, F, 434525, 1426
18, P, 439341, 1019
19, E, 440304, 2988
20, G, 443639, 763
21, F, 448165, 788
22, L, 454871, 1575
23, W, 453424, 886
24, G, 514155, 303
25, S, 519268, 1997
26, A, 522926, 1152
27, T, 525014, 789
28, A, 528497, 560
29, S, 531555, 2310
30, Y, 537814, 1307
31, Q, 539023, 1107
32, I, 541102, 1993
33, E, 544831, 954
34, G, 538919, 336
35, A, 542826, 487
36, A, 543881, 1360
37, A, 549517, 1564
38, E, 555130, 3688
39, D, 553362, 3561
40, G, 547201, 1232
41, R, 558543, 847
42, T, 559158, 2608
43, P, 541726, 1790
44, S, 546480, 1139
45, I, 554022, 2196
46, W, 551971, 1150
47, D, 550997, 708
48, T, 550465, 3463
49, Y, 553359, 1985
50, A, 553058, 1825
51, R, 551433, 1687
52, T, 553418, 2020
53, P, 551272, 1420
54, G, 552828, 1175
55, R, 549945, 1988
56, V, 552756, 697
57, R, 569141, 2115
58, N, 568794, 1144
59, G, 559437, 1181
60, D, 560899, 1613
61, T, 556670, 1587
62, G, 560749, 527
63, D, 561387, 2688
64, V, 562799, 1770
65, A, 567493, 982
66, T, 568327, 1643
67, D, 582198, 1994
68, H, 598467, 863
69, Y, 612545, 1249
70, H, 603481, 1926
71, R, 588208, 1333
72, W, 588467, 1961
73, R, 588548, 1719
74, E, 589586, 3066
75, D, 592505, 518
76, V, 596649, 1872
77, A, 599636, 1466
78, L, 595915, 1376
79, M, 596844, 3868
80, A, 602128, 1450
81, E, 605407, 2641
82, L, 603836, 1163
83, G, 611188, 1155
84, L, 610112, 1427
85, G, 617503, 1297
86, A, 618009, 980
87, Y, 620284, 852
88, R, 611894, 492
89, F, 620765, 2090
90, S, 618720, 882
91, L, 610688, 803
92, A, 616337, 399
93, W, 613423, 916
94, P, 612602, 1026
95, R, 614822, 415
96, I, 624666, 1955
97, Q, 625848, 2469
98, P, 619821, 1370
99, T, 620792, 2031
100, G, 621142, 1170
101, R, 633067, 2009
102, G, 635320, 978
103, P, 634776, 1615
104, A, 634439, 1220
105, L, 630291, 2573
106, Q, 640764, 4368
107, K, 640324, 3749
108, G, 634148, 569
109, L, 637301, 809
110, D, 644298, 1581
111, F, 641746, 2357
112, Y, 640843, 893
113, R, 632829, 1724
114, R, 633388, 1712
115, L, 633667, 773
116, A, 634777, 1572
117, D, 636533, 1050
118, E, 637056, 3335
119, L, 639756, 930
120, L, 638383, 1707
121, A, 644347, 1621
122, K, 642216, 4139
123, G, 637822, 1008
124, I, 640417, 2048
125, Q, 640003, 2635
126, P, 636777, 918
127, V, 643096, 1556
128, A, 645036, 1368
129, T, 657634, 658
130, L, 665429, 969
131, Y, 678989, 958
132, H, 665480, 977
133, W, 654241, 982
134, D, 635856, 750
135, L, 632116, 752
136, P, 632983, 598
137, Q, 633349, 3146
138, E, 635704, 2950
139, L, 637188, 1654
140, E, 641436, 1486
141, N, 635692, 4557
142, A, 634385, 1177
143, G, 634561, 540
144, G, 634853, 294
145, W, 635518, 857
146, P, 636464, 1607
147, E, 638244, 2924
148, R, 635424, 684
149, A, 646338, 1752
150, T, 645514, 1974
151, A, 638715, 1224
152, E, 638272, 2626
153, R, 637543, 1496
154, F, 634570, 4140
155, A, 645526, 1158
156, E, 648460, 2333
157, Y, 648800, 1407
158, A, 641397, 778
159, A, 638485, 1438
160, I, 633727, 2801
161, A, 634280, 1136
162, A, 634723, 1196
163, D, 637390, 3043
164, A, 643737, 876
165, L, 648859, 756
166, G, 644075, 1268
167, D, 634945, 2252
168, R, 630581, 1861
169, V, 643229, 1069
170, K, 643096, 3188
171, T, 652975, 2008
172, W, 647237, 1218
173, T, 634857, 1681
174, T, 638789, 1132
175, L, 638441, 1178
176, N, 646012, 741
177, E, 641601, 755
178, P, 646658, 323
179, W, 650444, 828
180, C, 655792, 732
181, S, 642196, 2053
182, A, 646229, 503
183, F, 656698, 1733
184, L, 652705, 1293
185, G, 654943, 504
186, Y, 649056, 1011
187, G, 648054, 992
188, S, 650370, 1115
189, G, 649472, 455
190, V, 646980, 2208
191, H, 652953, 1324
192, A, 653017, 458
193, P, 654588, 344
194, G, 670046, 412
195, R, 671166, 1737
196, T, 669480, 1694
197, D, 668144, 2883
198, P, 658976, 1246
199, V, 661342, 1795
200, A, 661732, 1005
201, A, 664702, 874
202, L, 663374, 515
203, R, 663611, 1262
204, A, 663008, 845
205, A, 667707, 1222
206, H, 674870, 681
207, H, 679373, 1244
208, L, 688904, 1048
209, N, 695686, 2189
210, L, 686346, 925
211, G, 689277, 1029
212, H, 687246, 978
213, G, 689246, 440
214, L, 688314, 1787
215, A, 687210, 1115
216, V, 703969, 1637
217, Q, 705246, 3810
218, A, 703268, 1105
219, L, 698799, 1177
220, R, 705501, 1240
221, D, 705093, 3427
222, R, 697751, 1833
223, L, 699713, 1299
224, P, 699807, 1704
225, A, 700020, 1497
226, D, 700652, 2272
227, A, 706576, 1602
228, Q, 715585, 3321
229, C, 760870, 2204
230, S, 748848, 883
231, V, 727426, 1466
232, T, 732552, 1144
233, L, 743998, 672
234, N, 756716, 1972
235, I, 745879, 1682
236, H, 752407, 2808
237, H, 746397, 3501
238, V, 742962, 2064
239, R, 740967, 1559
240, P, 741513, 1052
241, L, 741606, 1791
242, T, 745200, 2614
243, D, 746338, 2853
244, S, 752450, 1854
245, D, 752151, 3189
246, A, 747552, 1459
247, D, 754286, 1836
248, A, 758353, 1764
249, D, 757962, 2374
250, A, 750443, 1201
251, V, 752873, 2993
252, R, 753757, 676
253, R, 752274, 1768
254, I, 752498, 3196
255, D, 759667, 2177
256, A, 761581, 1000
257, L, 759377, 1513
258, A, 766565, 997
259, N, 764711, 1336
260, R, 755576, 881
261, V, 761434, 2964
262, F, 761067, 1441
263, T, 755509, 1507
264, G, 753370, 994
265, P, 762344, 631
266, M, 775144, 2698
267, L, 773405, 1069
268, Q, 773800, 4145
269, G, 762902, 705
270, A, 765628, 1692
271, Y, 766891, 1032
272, P, 765340, 1043
273, E, 767137, 3697
274, D, 763745, 1099
275, L, 759912, 701
276, V, 775274, 2168
277, K, 774400, 6357
278, D, 774291, 1388
279, T, 761043, 1982
280, A, 763812, 1569
281, G, 767902, 1508
282, L, 764657, 1994
283, T, 765608, 2148
284, D, 764643, 2033
285, W, 764135, 940
286, S, 773299, 2361
287, F, 771313, 1811
288, V, 759748, 2456
289, R, 761461, 2069
290, D, 762345, 4583
291, G, 771089, 1385
292, D, 771345, 801
293, L, 763671, 2999
294, R, 767479, 1772
295, L, 765986, 2769
296, A, 761052, 1930
297, H, 760960, 2952
298, Q, 764438, 3615
299, K, 765730, 5550
300, L, 763425, 936
301, D, 764313, 1430
302, F, 764052, 3133
303, L, 766458, 500
304, G, 765982, 569
305, V, 769786, 1250
306, N, 776782, 950
307, Y, 796278, 1156
308, Y, 801588, 708
309, S, 767221, 1946
310, P, 763487, 454
311, T, 766812, 1212
312, L, 766206, 1885
313, V, 767744, 1282
314, S, 762136, 1492
315, E, 758058, 3770
316, A, 757417, 1306
317, D, 760552, 3960
318, G, 761866, 1168
319, S, 758879, 2652
320, G, 753241, 1763
321, T, 748510, 3977
322, H, 759547, 3809
323, N, 758696, 3954
324, S, 747955, 2983
325, D, 744773, 3172
326, G, 740295, 1927
327, H, 743622, 4018
328, G, 747155, 1446
329, R, 750796, 2435
330, S, 747682, 3191
331, A, 743501, 1631
332, H, 737321, 3421
333, S, 728240, 2421
334, P, 727930, 1358
335, W, 723678, 1052
336, P, 720492, 1346
337, G, 730809, 1238
338, A, 732244, 1155
339, D, 730552, 3233
340, R, 700026, 1998
341, V, 702874, 1501
342, A, 702588, 1707
343, F, 697319, 3357
344, H, 698903, 2682
345, Q, 691197, 2893
346, P, 689685, 1361
347, P, 689419, 1311
348, G, 694123, 1291
349, E, 693319, 4655
350, T, 692288, 2834
351, T, 688868, 1605
352, A, 693551, 876
353, M, 692066, 2620
354, G, 700210, 1139
355, W, 687934, 1623
356, A, 674819, 971
357, V, 681162, 2294
358, D, 678801, 2620
359, P, 674297, 1337
360, S, 669042, 2821
361, G, 668491, 1033
362, L, 673254, 959
363, Y, 700257, 2588
364, E, 690700, 3891
365, L, 668451, 739
366, L, 665111, 473
367, R, 662254, 1513
368, R, 659111, 1817
369, L, 659839, 914
370, S, 660691, 2423
371, S, 658225, 1801
372, D, 658424, 2526
373, F, 652336, 3971
374, P, 652072, 1011
375, A, 650342, 1262
376, L, 649581, 1353
377, P, 650937, 1126
378, L, 651063, 1007
379, V, 653328, 1980
380, I, 649908, 1687
381, T, 648656, 666
382, E, 649360, 818
383, N, 650547, 1463
384, G, 645774, 425
385, A, 645140, 1041
386, A, 645433, 753
387, F, 650535, 4431
388, H, 652371, 2480
389, D, 651737, 807
390, Y, 637434, 716
391, A, 626823, 1653
392, D, 623844, 1948
393, P, 625757, 769
394, E, 625967, 3277
395, G, 623698, 1097
396, N, 619935, 4771
397, V, 630807, 1320
398, N, 627524, 3418
399, D, 601223, 684
400, P, 605363, 1460
401, E, 606277, 3016
402, R, 598549, 333
403, I, 605950, 2292
404, A, 614242, 1686
405, Y, 592114, 1369
406, V, 584902, 1506
407, R, 570649, 2052
408, D, 567310, 3355
409, H, 560963, 789
410, L, 565748, 685
411, A, 564586, 1710
412, A, 558657, 1121
413, V, 558999, 1389
414, H, 556428, 3376
415, R, 545896, 1785
416, A, 539999, 741
417, I, 550853, 2206
418, K, 549734, 4667
419, D, 547559, 3026
420, G, 533044, 682
421, S, 548849, 1930
422, D, 546049, 1779
423, V, 515181, 800
424, R, 514684, 1277
425, G, 514644, 539
426, Y, 519546, 1205
427, F, 519357, 1990
428, L, 509493, 893
429, W, 504631, 695
430, S, 502500, 1503
431, L, 508220, 931
432, L, 509052, 737
433, D, 509966, 643
434, N, 493954, 564
435, F, 490924, 2020
436, E, 490376, 816
437, W, 483226, 825
438, A, 486413, 1410
439, H, 487546, 2249
440, G, 491132, 257
441, Y, 488035, 1022
442, S, 472341, 1938
443, K, 465199, 3427
444, R, 463800, 225
445, F, 465016, 1696
446, G, 463316, 341
447, A, 455405, 1250
448, V, 485179, 1280
449, Y, 486099, 1133
450, V, 462219, 601
451, D, 408156, 1451
452, Y, 404387, 815
453, P, 394575, 777
454, T, 392174, 1288
455, G, 391008, 853
456, T, 390248, 2290
457, R, 389663, 311
458, I, 387395, 2148
459, P, 390834, 1236
460, K, 388054, 592
461, A, 385932, 818
462, S, 380537, 1318
463, A, 380414, 510
464, R, 380412, 1255
465, W, 378720, 737
466, Y, 372115, 782
467, A, 368404, 706
468, E, 364861, 2781
469, V, 356980, 858
470, A, 354326, 878
471, R, 352097, 1547
472, T, 351620, 1922
473, G, 352224, 771
474, V, 351334, 1761
475, L, 351182, 1200
476, P, 346343, 1381
477, T, 344073, 1807
478, A, 342876, 819
479, G, 343507, 955
480, D, 339128, 2576
481, P, 337535, 1444
482, N, 335992, 2779
483, S, 336095, 2002
484, S, 334394, 1827
485, S, 329677, 1701
486, V, 331641, 2100
487, D, 330925, 2639
488, K, 327187, 3251
489, L, 321594, 1862
490, A, 320233, 1070
491, A, 315798, 1102
492, A, 314596, 1099
493, L, 317953, 2132
494, E, 316627, 2893
495, H, 312415, 2425
496, H, 307994, 2171
497, H, 305105, 2473
498, H, 298639, 2210
499, H, 289141, 2255
500, H, 279854, 2233
501, *, 238885, 0
