0, M, 224372, 0
1, V, 238625, 1980
2, P, 241550, 784
3, A, 242701, 809
4, A, 244581, 771
5, Q, 246044, 1823
6, Q, 249807, 1934
7, T, 250713, 1715
8, A, 259797, 629
9, M, 263519, 3078
10, A, 265502, 948
11, P, 267209, 946
12, D, 270547, 2239
13, A, 275903, 1050
14, A, 283153, 831
15, L, 284612, 1857
16, T, 286570, 1877
17, F, 287320, 1069
18, P, 291273, 728
19, E, 292080, 1870
20, G, 294422, 500
21, F, 297905, 704
22, L, 302971, 1188
23, W, 303834, 696
24, G, 316812, 283
25, S, 318223, 1330
26, A, 319242, 542
27, T, 320046, 632
28, A, 321943, 362
29, S, 323703, 1337
30, Y, 328445, 652
31, Q, 330088, 815
32, I, 337079, 1021
33, E, 340012, 697
34, G, 340548, 222
35, A, 344165, 268
36, A, 346133, 770
37, A, 352871, 827
38, E, 358459, 1494
39, D, 360866, 2048
40, G, 362017, 608
41, R, 379671, 465
42, T, 381551, 1495
43, P, 381069, 936
44, S, 385127, 743
45, I, 392197, 1495
46, W, 394913, 921
47, D, 396574, 520
48, T, 401267, 2304
49, Y, 407454, 1549
50, A, 408213, 1166
51, R, 411786, 1090
52, T, 414421, 1553
53, P, 417201, 706
54, G, 419195, 582
55, R, 420794, 1178
56, V, 423492, 593
57, R, 439198, 989
58, N, 440953, 890
59, G, 446246, 482
60, D, 448903, 887
61, T, 449861, 822
62, G, 457871, 466
63, D, 459203, 1179
64, V, 460923, 973
65, A, 465465, 839
66, T, 467226, 1495
67, D, 478702, 1305
68, H, 495202, 643
69, Y, 511025, 1024
70, H, 511881, 1464
71, R, 513036, 793
72, W, 513692, 1316
73, R, 515437, 1580
74, E, 516320, 2369
75, D, 520352, 489
76, V, 524845, 1609
77, A, 527848, 1018
78, L, 528534, 1130
79, M, 530143, 2745
80, A, 536235, 1156
81, E, 540563, 1893
82, L, 543291, 990
83, G, 550902, 815
84, L, 555356, 1293
85, G, 563806, 1031
86, A, 567661, 707
87, Y, 569898, 798
88, R, 572549, 393
89, F, 580336, 1839
90, S, 583569, 805
91, L, 582287, 775
92, A, 587130, 445
93, W, 586931, 906
94, P, 587485, 920
95, R, 589992, 442
96, I, 599694, 1712
97, Q, 601573, 2096
98, P, 600916, 1089
99, T, 602144, 1964
100, G, 603003, 969
101, R, 616497, 1519
102, G, 619076, 713
103, P, 624832, 1375
104, A, 625469, 1094
105, L, 625829, 2218
106, Q, 635166, 4120
107, K, 636355, 3389
108, G, 636416, 482
109, L, 639535, 864
110, D, 645156, 1314
111, F, 646400, 1988
112, Y, 646420, 1071
113, R, 644027, 1523
114, R, 644880, 1433
115, L, 645454, 917
116, A, 646702, 1676
117, D, 648638, 971
118, E, 649525, 2936
119, L, 652304, 969
120, L, 652590, 1819
121, A, 658445, 1594
122, K, 658438, 3914
123, G, 657570, 920
124, I, 660512, 1845
125, Q, 660706, 2464
126, P, 659469, 785
127, V, 665166, 1258
128, A, 667844, 1281
129, T, 680111, 802
130, L, 690581, 1025
131, Y, 702057, 1098
132, H, 699792, 864
133, W, 697045, 1047
134, D, 688090, 915
135, L, 686605, 1324
136, P, 688049, 661
137, Q, 688847, 2542
138, E, 691333, 2623
139, L, 693031, 1612
140, E, 697391, 1380
141, N, 694825, 5073
142, A, 695344, 1191
143, G, 695702, 498
144, G, 696842, 344
145, W, 697752, 1113
146, P, 699559, 1509
147, E, 701496, 2729
148, R, 700146, 590
149, A, 711075, 1676
150, T, 712134, 2068
151, A, 709002, 1260
152, E, 709265, 2551
153, R, 709081, 1418
154, F, 708351, 3261
155, A, 716530, 1260
156, E, 720442, 2400
157, Y, 721497, 1393
158, A, 718598, 914
159, A, 717423, 1276
160, I, 714397, 2864
161, A, 714942, 1250
162, A, 715837, 1212
163, D, 718814, 3110
164, A, 724844, 1005
165, L, 730408, 754
166, G, 727491, 1199
167, D, 722910, 1852
168, R, 719489, 1821
169, V, 731330, 1173
170, K, 731505, 3786
171, T, 738255, 2251
172, W, 734726, 1340
173, T, 728292, 2244
174, T, 732057, 1400
175, L, 732963, 1333
176, N, 740076, 693
177, E, 737405, 1080
178, P, 742700, 370
179, W, 746833, 1070
180, C, 751936, 1167
181, S, 741899, 2294
182, A, 746662, 620
183, F, 756616, 2003
184, L, 752283, 1451
185, G, 754564, 505
186, Y, 750812, 1171
187, G, 750144, 1214
188, S, 753115, 1236
189, G, 752104, 589
190, V, 750171, 2877
191, H, 756123, 1356
192, A, 755801, 634
193, P, 757782, 415
194, G, 770904, 492
195, R, 771836, 1755
196, T, 769394, 1945
197, D, 767916, 2946
198, P, 759002, 1297
199, V, 761356, 2288
200, A, 762247, 1381
201, A, 764941, 976
202, L, 763663, 645
203, R, 763733, 1383
204, A, 762868, 804
205, A, 766780, 1106
206, H, 772921, 1077
207, H, 777287, 1632
208, L, 785932, 1564
209, N, 791197, 2331
210, L, 781673, 964
211, G, 783391, 1034
212, H, 783130, 1271
213, G, 784251, 428
214, L, 782241, 2091
215, A, 780749, 1037
216, V, 794335, 1813
217, Q, 796088, 4086
218, A, 793993, 1006
219, L, 791089, 723
220, R, 795497, 1268
221, D, 794780, 3698
222, R, 785772, 1822
223, L, 788254, 1640
224, P, 788281, 1670
225, A, 787637, 1602
226, D, 787622, 2625
227, A, 792148, 1771
228, Q, 799964, 3975
229, C, 843521, 2279
230, S, 832781, 1171
231, V, 811331, 1544
232, T, 815148, 1360
233, L, 824733, 993
234, N, 834647, 2377
235, I, 824091, 1963
236, H, 830549, 3095
237, H, 825012, 3264
238, V, 821885, 2163
239, R, 820223, 1769
240, P, 820467, 1101
241, L, 820831, 1829
242, T, 823558, 2720
243, D, 824033, 2965
244, S, 829107, 1876
245, D, 828619, 3208
246, A, 824845, 1636
247, D, 831239, 2007
248, A, 835207, 1763
249, D, 835087, 2208
250, A, 828757, 1016
251, V, 830855, 2860
252, R, 831603, 703
253, R, 829863, 1697
254, I, 829429, 3112
255, D, 835794, 2311
256, A, 837579, 881
257, L, 835547, 1699
258, A, 841105, 1084
259, N, 839247, 1398
260, R, 831787, 1058
261, V, 836123, 3193
262, F, 835705, 1598
263, T, 830473, 1612
264, G, 828945, 1008
265, P, 837132, 583
266, M, 847468, 2899
267, L, 846970, 1230
268, Q, 847315, 4434
269, G, 837883, 842
270, A, 839487, 1848
271, Y, 840460, 1383
272, P, 839355, 1129
273, E, 840465, 4176
274, D, 837838, 1339
275, L, 835154, 882
276, V, 847640, 2368
277, K, 847290, 6551
278, D, 846869, 1622
279, T, 837260, 2155
280, A, 839353, 1489
281, G, 842419, 1523
282, L, 839973, 2316
283, T, 840583, 2246
284, D, 839574, 1714
285, W, 839273, 1147
286, S, 845161, 2444
287, F, 842806, 2121
288, V, 833299, 2558
289, R, 834244, 2441
290, D, 834826, 4792
291, G, 840529, 1393
292, D, 840398, 877
293, L, 834520, 2938
294, R, 837058, 1963
295, L, 835499, 2769
296, A, 830789, 1999
297, H, 830590, 2782
298, Q, 833172, 4038
299, K, 833707, 5679
300, L, 831958, 949
301, D, 832328, 1647
302, F, 831567, 2925
303, L, 832058, 575
304, G, 831263, 479
305, V, 833246, 1376
306, N, 836410, 1410
307, Y, 845734, 1472
308, Y, 848955, 930
309, S, 824158, 1543
310, P, 821605, 540
311, T, 823456, 1196
312, L, 822315, 1629
313, V, 823121, 1350
314, S, 818570, 1682
315, E, 814467, 3422
316, A, 813553, 1444
317, D, 815311, 3772
318, G, 815995, 1218
319, S, 813070, 2432
320, G, 808284, 1707
321, T, 804240, 3715
322, H, 809640, 3951
323, N, 807819, 3652
324, S, 797455, 2883
325, D, 794164, 3401
326, G, 790874, 1967
327, H, 792368, 3973
328, G, 793723, 1546
329, R, 794168, 2224
330, S, 789906, 4049
331, A, 782976, 1903
332, H, 777244, 3463
333, S, 769074, 2394
334, P, 767399, 1191
335, W, 763852, 1198
336, P, 760845, 1073
337, G, 765184, 1009
338, A, 764275, 1064
339, D, 761182, 3064
340, R, 732004, 1580
341, V, 732197, 1288
342, A, 730015, 1726
343, F, 725902, 3124
344, H, 725520, 3003
345, Q, 719260, 2462
346, P, 717776, 1266
347, P, 717491, 1277
348, G, 718835, 1122
349, E, 718088, 3567
350, T, 715664, 2697
351, T, 712428, 1495
352, A, 711499, 523
353, M, 710226, 2109
354, G, 711348, 912
355, W, 700897, 1672
356, A, 687870, 982
357, V, 689091, 2155
358, D, 686096, 2068
359, P, 681183, 985
360, S, 676759, 2653
361, G, 675752, 922
362, L, 676347, 808
363, Y, 683316, 2481
364, E, 669743, 3403
365, L, 647993, 825
366, L, 644563, 715
367, R, 642028, 1403
368, R, 638995, 1605
369, L, 638516, 932
370, S, 637911, 2193
371, S, 634642, 1514
372, D, 633885, 2124
373, F, 628362, 3570
374, P, 627627, 982
375, A, 626032, 1290
376, L, 625425, 1191
377, P, 625578, 1037
378, L, 625044, 933
379, V, 624350, 1805
380, I, 620579, 1337
381, T, 616768, 672
382, E, 616277, 940
383, N, 615437, 1639
384, G, 610082, 529
385, A, 607658, 997
386, A, 606009, 501
387, F, 604450, 4078
388, H, 602820, 1630
389, D, 594433, 865
390, Y, 580387, 819
391, A, 570590, 726
392, D, 568205, 1375
393, P, 567550, 539
394, E, 567344, 2868
395, G, 564419, 899
396, N, 560990, 3825
397, V, 560694, 804
398, N, 556100, 2119
399, D, 530376, 725
400, P, 529037, 649
401, E, 527545, 1385
402, R, 518925, 339
403, I, 515022, 1807
404, A, 510951, 1238
405, Y, 490567, 1015
406, V, 480893, 1368
407, R, 467650, 1478
408, D, 464419, 2252
409, H, 458806, 581
410, L, 456862, 691
411, A, 453900, 1285
412, A, 446119, 886
413, V, 443745, 1262
414, H, 439651, 2636
415, R, 430029, 1242
416, A, 423349, 560
417, I, 423282, 1746
418, K, 420932, 3747
419, D, 417675, 2148
420, G, 403543, 525
421, S, 402143, 1497
422, D, 395927, 1310
423, V, 368819, 784
424, R, 368106, 879
425, G, 366958, 457
426, Y, 365819, 788
427, F, 360802, 1376
428, L, 350904, 833
429, W, 346840, 651
430, S, 344671, 806
431, L, 344429, 707
432, L, 343166, 537
433, D, 341193, 523
434, N, 325442, 606
435, F, 319106, 1082
436, E, 318269, 486
437, W, 311766, 555
438, A, 311068, 796
439, H, 309218, 1413
440, G, 302003, 214
441, Y, 296848, 672
442, S, 281746, 861
443, K, 275744, 1596
444, R, 272744, 179
445, F, 271254, 1239
446, G, 269691, 248
447, A, 263992, 738
448, V, 264341, 773
449, Y, 258826, 552
450, V, 231568, 382
451, D, 184265, 554
452, Y, 180143, 371
453, P, 172969, 226
454, T, 170713, 426
455, G, 169485, 370
456, T, 168675, 860
457, R, 167612, 169
458, I, 165146, 812
459, P, 163625, 645
460, K, 160870, 302
461, A, 157171, 355
462, S, 152766, 692
463, A, 150322, 217
464, R, 148668, 519
465, W, 145053, 346
466, Y, 137688, 446
467, A, 131344, 222
468, E, 127528, 1067
469, V, 121242, 373
470, A, 119116, 327
471, R, 117354, 499
472, T, 116599, 695
473, G, 115241, 250
474, V, 113490, 609
475, L, 112383, 382
476, P, 108537, 533
477, T, 106964, 524
478, A, 105250, 373
479, G, 104660, 311
480, D, 100695, 855
481, P, 98567, 431
482, N, 96516, 872
483, S, 95340, 655
484, S, 94052, 582
485, S, 91136, 514
486, V, 90734, 495
487, D, 90182, 758
488, K, 87514, 923
489, L, 82266, 580
490, A, 81850, 307
491, A, 78862, 304
492, A, 78295, 311
493, L, 77164, 518
494, E, 75627, 726
495, H, 72281, 612
496, H, 67625, 605
497, H, 64449, 484
498, H, 58926, 438
499, H, 53299, 397
500, H, 47621, 381
501, *, 35902, 0
