0, M, 282066, 0
1, V, 302514, 2223
2, P, 307045, 723
3, A, 309269, 741
4, A, 312276, 876
5, Q, 314673, 2456
6, Q, 320417, 2663
7, T, 321713, 2389
8, A, 335870, 779
9, M, 340813, 4082
10, A, 343430, 1140
11, P, 345270, 906
12, D, 350574, 2808
13, A, 358200, 1016
14, A, 369223, 772
15, L, 370262, 2099
16, T, 373159, 2686
17, F, 373856, 1420
18, P, 379882, 980
19, E, 381012, 2796
20, G, 384955, 709
21, F, 390088, 1157
22, L, 397653, 1502
23, W, 397971, 1077
24, G, 406803, 332
25, S, 408002, 1794
26, A, 409209, 780
27, T, 410118, 769
28, A, 412928, 483
29, S, 415461, 1905
30, Y, 422668, 1206
31, Q, 424520, 1087
32, I, 435115, 1522
33, E, 438079, 1208
34, G, 438457, 280
35, A, 444412, 405
36, A, 446876, 916
37, A, 456897, 1269
38, E, 464584, 2384
39, D, 467344, 2702
40, G, 468735, 745
41, R, 495580, 607
42, T, 498050, 2336
43, P, 497156, 1124
44, S, 504642, 889
45, I, 517021, 2267
46, W, 521017, 1305
47, D, 524025, 843
48, T, 531513, 3185
49, Y, 541671, 2026
50, A, 542735, 1674
51, R, 548014, 1219
52, T, 552558, 1997
53, P, 557625, 917
54, G, 561719, 832
55, R, 564555, 1797
56, V, 569216, 910
57, R, 596835, 1480
58, N, 598774, 1251
59, G, 607046, 858
60, D, 611621, 1514
61, T, 612991, 1427
62, G, 630383, 650
63, D, 631866, 1515
64, V, 634566, 1361
65, A, 643875, 1210
66, T, 646413, 2046
67, D, 669877, 1748
68, H, 697980, 975
69, Y, 724731, 1797
70, H, 725533, 1800
71, R, 727840, 1229
72, W, 728741, 1894
73, R, 731947, 2192
74, E, 733161, 3784
75, D, 741098, 814
76, V, 749191, 2300
77, A, 754879, 1599
78, L, 755831, 1793
79, M, 758493, 4240
80, A, 770285, 1757
81, E, 777600, 3497
82, L, 781422, 1451
83, G, 796832, 1288
84, L, 803330, 1746
85, G, 821964, 1547
86, A, 828367, 1279
87, Y, 832043, 1440
88, R, 837243, 623
89, F, 852037, 3187
90, S, 857641, 1292
91, L, 855627, 1363
92, A, 865319, 767
93, W, 864242, 1249
94, P, 865455, 1272
95, R, 869068, 624
96, I, 885913, 2701
97, Q, 888632, 3530
98, P, 887425, 1609
99, T, 889714, 2970
100, G, 890891, 1688
101, R, 916307, 2363
102, G, 921133, 1159
103, P, 932496, 2154
104, A, 934376, 2052
105, L, 934641, 3804
106, Q, 951349, 5991
107, K, 952280, 5781
108, G, 954308, 767
109, L, 958609, 1285
110, D, 969748, 2411
111, F, 971464, 2951
112, Y, 971796, 1932
113, R, 968577, 2295
114, R, 969941, 2404
115, L, 970478, 1388
116, A, 972525, 2375
117, D, 975418, 1868
118, E, 976698, 4886
119, L, 981873, 1785
120, L, 981777, 2713
121, A, 994562, 2924
122, K, 993506, 7082
123, G, 993700, 1464
124, I, 998798, 3403
125, Q, 999083, 4228
126, P, 997530, 1336
127, V, 1010231, 2397
128, A, 1014546, 2183
129, T, 1038339, 1439
130, L, 1057565, 1635
131, Y, 1080525, 1741
132, H, 1080129, 1655
133, W, 1077113, 2040
134, D, 1066760, 1539
135, L, 1064825, 1916
136, P, 1067737, 941
137, Q, 1068456, 4324
138, E, 1073314, 4611
139, L, 1075655, 2583
140, E, 1083811, 2665
141, N, 1080204, 8417
142, A, 1081912, 2110
143, G, 1082415, 914
144, G, 1084305, 650
145, W, 1085908, 2054
146, P, 1089526, 2957
147, E, 1093077, 5113
148, R, 1091025, 1121
149, A, 1110865, 2559
150, T, 1112083, 3666
151, A, 1109706, 2248
152, E, 1109579, 4422
153, R, 1109919, 2397
154, F, 1109572, 5469
155, A, 1124731, 2184
156, E, 1131518, 4425
157, Y, 1133236, 2616
158, A, 1131338, 1412
159, A, 1129386, 2411
160, I, 1125476, 4759
161, A, 1126756, 1825
162, A, 1128285, 1974
163, D, 1133664, 5449
164, A, 1146556, 1437
165, L, 1155930, 1480
166, G, 1154542, 2261
167, D, 1147328, 3507
168, R, 1142044, 3130
169, V, 1161308, 2012
170, K, 1161896, 5836
171, T, 1174032, 3665
172, W, 1168517, 2108
173, T, 1159545, 3260
174, T, 1165705, 2359
175, L, 1166926, 2206
176, N, 1178976, 1478
177, E, 1173928, 1778
178, P, 1182959, 642
179, W, 1191161, 1865
180, C, 1202347, 1766
181, S, 1186056, 4100
182, A, 1195312, 760
183, F, 1211341, 3229
184, L, 1204693, 2085
185, G, 1210114, 1038
186, Y, 1202794, 1879
187, G, 1202448, 1938
188, S, 1208681, 1733
189, G, 1207317, 985
190, V, 1204629, 4212
191, H, 1213368, 2455
192, A, 1213954, 924
193, P, 1215776, 796
194, G, 1238817, 718
195, R, 1238485, 3070
196, T, 1235126, 2862
197, D, 1233587, 5158
198, P, 1219357, 2077
199, V, 1223681, 3766
200, A, 1224317, 1993
201, A, 1228718, 1396
202, L, 1225964, 1453
203, R, 1226619, 2326
204, A, 1224927, 1599
205, A, 1231647, 1719
206, H, 1239816, 1703
207, H, 1246225, 1975
208, L, 1256555, 2235
209, N, 1266518, 4107
210, L, 1249914, 1815
211, G, 1253234, 1783
212, H, 1252205, 1863
213, G, 1254695, 698
214, L, 1250048, 3387
215, A, 1247911, 1875
216, V, 1268196, 3206
217, Q, 1268753, 6372
218, A, 1267227, 1552
219, L, 1260639, 933
220, R, 1265739, 2342
221, D, 1265254, 6364
222, R, 1250935, 3331
223, L, 1254371, 2489
224, P, 1254017, 2995
225, A, 1252793, 3101
226, D, 1252781, 4324
227, A, 1259378, 2619
228, Q, 1269744, 6197
229, C, 1332812, 3437
230, S, 1317119, 2250
231, V, 1281383, 2698
232, T, 1287310, 2092
233, L, 1300048, 1529
234, N, 1315788, 4003
235, I, 1298708, 2958
236, H, 1307895, 4775
237, H, 1299144, 5534
238, V, 1294089, 3542
239, R, 1290996, 2550
240, P, 1291007, 1694
241, L, 1290618, 3093
242, T, 1294019, 4123
243, D, 1294517, 4815
244, S, 1300765, 3186
245, D, 1300454, 5528
246, A, 1294146, 2491
247, D, 1304489, 2856
248, A, 1310520, 2782
249, D, 1310066, 3548
250, A, 1299116, 2064
251, V, 1302516, 4669
252, R, 1303742, 1072
253, R, 1301386, 2689
254, I, 1300671, 5494
255, D, 1310715, 3454
256, A, 1313818, 1550
257, L, 1308998, 2903
258, A, 1318240, 1828
259, N, 1314752, 2707
260, R, 1301204, 1609
261, V, 1308034, 5103
262, F, 1307669, 2851
263, T, 1299594, 3044
264, G, 1296927, 2046
265, P, 1308648, 771
266, M, 1325214, 5124
267, L, 1322303, 1978
268, Q, 1322716, 7100
269, G, 1306469, 1228
270, A, 1308012, 2905
271, Y, 1309258, 2295
272, P, 1305838, 1740
273, E, 1307829, 6532
274, D, 1303011, 2105
275, L, 1297264, 1550
276, V, 1317520, 3862
277, K, 1315056, 11236
278, D, 1315608, 2422
279, T, 1296939, 3465
280, A, 1299494, 2250
281, G, 1304186, 2289
282, L, 1298338, 3866
283, T, 1299325, 3669
284, D, 1297186, 3132
285, W, 1296230, 2146
286, S, 1306448, 3417
287, F, 1303181, 3542
288, V, 1287257, 3754
289, R, 1288022, 3193
290, D, 1288737, 7375
291, G, 1296950, 2136
292, D, 1296506, 1572
293, L, 1281780, 5107
294, R, 1285451, 3237
295, L, 1282261, 4112
296, A, 1273497, 3350
297, H, 1272163, 4795
298, Q, 1275726, 5511
299, K, 1276453, 9456
300, L, 1272729, 1392
301, D, 1273503, 2236
302, F, 1272545, 4926
303, L, 1272410, 1040
304, G, 1271036, 867
305, V, 1274150, 2458
306, N, 1279695, 2503
307, Y, 1292744, 2249
308, Y, 1297633, 1583
309, S, 1255045, 2781
310, P, 1249059, 1064
311, T, 1252234, 2237
312, L, 1249410, 2741
313, V, 1251068, 2374
314, S, 1242844, 2690
315, E, 1236446, 5588
316, A, 1234665, 2177
317, D, 1237736, 5932
318, G, 1238750, 1876
319, S, 1234602, 4592
320, G, 1226573, 2624
321, T, 1220059, 5820
322, H, 1229318, 6227
323, N, 1228336, 5841
324, S, 1212830, 4480
325, D, 1208044, 5179
326, G, 1202791, 2863
327, H, 1205372, 5625
328, G, 1208037, 2243
329, R, 1209954, 3800
330, S, 1204142, 5742
331, A, 1194666, 2785
332, H, 1184221, 4964
333, S, 1171457, 3191
334, P, 1168287, 2046
335, W, 1162465, 1924
336, P, 1156977, 2048
337, G, 1165569, 1848
338, A, 1164169, 1855
339, D, 1161388, 4774
340, R, 1115718, 2837
341, V, 1116666, 2659
342, A, 1113784, 2264
343, F, 1106978, 5374
344, H, 1106866, 4557
345, Q, 1095057, 3789
346, P, 1092224, 1925
347, P, 1091661, 2082
348, G, 1094275, 1971
349, E, 1093027, 6209
350, T, 1089619, 4676
351, T, 1083321, 2700
352, A, 1082955, 832
353, M, 1080453, 3319
354, G, 1085117, 1741
355, W, 1066503, 2683
356, A, 1045708, 1510
357, V, 1048630, 3041
358, D, 1044634, 3655
359, P, 1036896, 1651
360, S, 1029164, 4035
361, G, 1027462, 1497
362, L, 1028694, 1605
363, Y, 1043125, 4021
364, E, 1023353, 5353
365, L, 987253, 1655
366, L, 981574, 1231
367, R, 977505, 2392
368, R, 972592, 2370
369, L, 972001, 1781
370, S, 971996, 3400
371, S, 966523, 2913
372, D, 966175, 3782
373, F, 957596, 6070
374, P, 956536, 1548
375, A, 953851, 1880
376, L, 952634, 2166
377, P, 953289, 1430
378, L, 952485, 1477
379, V, 951798, 3683
380, I, 946023, 2475
381, T, 940686, 1271
382, E, 940418, 1704
383, N, 939862, 2444
384, G, 931976, 583
385, A, 928565, 1413
386, A, 926057, 914
387, F, 924645, 6597
388, H, 923354, 2641
389, D, 912516, 1528
390, Y, 892214, 1667
391, A, 877154, 1380
392, D, 873233, 2357
393, P, 872736, 1027
394, E, 872436, 4484
395, G, 867909, 1269
396, N, 862004, 6057
397, V, 863588, 1432
398, N, 859168, 3141
399, D, 819635, 1493
400, P, 818943, 991
401, E, 817610, 2189
402, R, 804186, 817
403, I, 800819, 3351
404, A, 798932, 1996
405, Y, 766419, 2150
406, V, 752740, 2542
407, R, 734425, 2383
408, D, 730114, 4247
409, H, 720915, 1172
410, L, 718988, 1020
411, A, 715581, 2185
412, A, 703498, 1492
413, V, 701611, 2107
414, H, 695841, 4678
415, R, 681470, 2056
416, A, 671047, 1094
417, I, 672726, 3075
418, K, 669168, 6040
419, D, 665177, 3613
420, G, 643993, 884
421, S, 646375, 2364
422, D, 639678, 2202
423, V, 593021, 1252
424, R, 592088, 1465
425, G, 589994, 609
426, Y, 589438, 1409
427, F, 583329, 2491
428, L, 567151, 1288
429, W, 560424, 1193
430, S, 556928, 1531
431, L, 557713, 1248
432, L, 556026, 951
433, D, 554073, 1185
434, N, 529729, 968
435, F, 520367, 2197
436, E, 519596, 1031
437, W, 509333, 969
438, A, 508884, 1432
439, H, 506825, 2443
440, G, 496624, 348
441, Y, 490263, 1265
442, S, 465608, 1292
443, K, 454927, 2892
444, R, 450423, 391
445, F, 448521, 2030
446, G, 446698, 490
447, A, 436169, 1242
448, V, 441501, 1537
449, Y, 435643, 1123
450, V, 399715, 703
451, D, 327286, 1083
452, Y, 321838, 788
453, P, 309451, 437
454, T, 306174, 951
455, G, 304144, 697
456, T, 302904, 1838
457, R, 301584, 348
458, I, 297584, 1324
459, P, 295472, 1094
460, K, 291431, 719
461, A, 286285, 680
462, S, 277327, 1272
463, A, 273504, 443
464, R, 270835, 980
465, W, 265198, 705
466, Y, 253557, 890
467, A, 243547, 484
468, E, 237444, 1910
469, V, 226900, 644
470, A, 223537, 586
471, R, 220685, 823
472, T, 219273, 1411
473, G, 217289, 471
474, V, 214289, 1322
475, L, 212789, 834
476, P, 205237, 956
477, T, 202425, 1152
478, A, 199236, 656
479, G, 198433, 587
480, D, 191915, 1651
481, P, 188093, 961
482, N, 184520, 1622
483, S, 182663, 1294
484, S, 181129, 1082
485, S, 174862, 1041
486, V, 174344, 1219
487, D, 173613, 1274
488, K, 168908, 1731
489, L, 160164, 1042
490, A, 159449, 660
491, A, 154131, 566
492, A, 153193, 592
493, L, 151141, 1014
494, E, 149435, 1391
495, H, 143178, 1099
496, H, 132868, 984
497, H, 127127, 944
498, H, 117277, 964
499, H, 105975, 811
500, H, 95066, 743
501, *, 73646, 0
