0, M, 173734, 0
1, V, 186581, 1291
2, P, 189431, 652
3, A, 190800, 642
4, A, 192377, 817
5, Q, 193667, 1580
6, Q, 196641, 1566
7, T, 197363, 1243
8, A, 204729, 576
9, M, 207635, 2759
10, A, 209259, 847
11, P, 210597, 722
12, D, 213242, 1685
13, A, 217471, 780
14, A, 223440, 747
15, L, 224410, 1740
16, T, 226065, 1652
17, F, 226648, 2351
18, P, 230091, 860
19, E, 230801, 1847
20, G, 233021, 518
21, F, 235799, 2570
22, L, 239989, 1848
23, W, 240651, 2409
24, G, 248984, 809
25, S, 249937, 1776
26, A, 250746, 908
27, T, 251382, 1592
28, A, 253019, 795
29, S, 254598, 1953
30, Y, 258796, 2556
31, Q, 260190, 2163
32, I, 266669, 2086
33, E, 268555, 2121
34, G, 269254, 691
35, A, 272462, 832
36, A, 273951, 798
37, A, 279540, 953
38, E, 284131, 2183
39, D, 286013, 2248
40, G, 287068, 833
41, R, 303017, 1082
42, T, 304561, 1456
43, P, 305065, 957
44, S, 308993, 1681
45, I, 315579, 2691
46, W, 318175, 3061
47, D, 319961, 1870
48, T, 324230, 2109
49, Y, 329741, 1958
50, A, 330409, 1331
51, R, 333552, 1228
52, T, 335831, 1192
53, P, 338488, 904
54, G, 340399, 1015
55, R, 342110, 1082
56, V, 344736, 2009
57, R, 358300, 1449
58, N, 359797, 2600
59, G, 365670, 884
60, D, 367767, 2605
61, T, 368538, 1549
62, G, 375235, 1145
63, D, 375892, 2008
64, V, 377327, 1912
65, A, 381186, 1230
66, T, 382501, 2500
67, D, 393608, 2189
68, H, 406903, 2388
69, Y, 419305, 3367
70, H, 419357, 2269
71, R, 420124, 1112
72, W, 420594, 3484
73, R, 421886, 1437
74, E, 422587, 2728
75, D, 426086, 1628
76, V, 429916, 3085
77, A, 432614, 1225
78, L, 433083, 2210
79, M, 434414, 4389
80, A, 439829, 1147
81, E, 443435, 2120
82, L, 445230, 2020
83, G, 452259, 1013
84, L, 455435, 1996
85, G, 463822, 1179
86, A, 467151, 1177
87, Y, 468936, 2619
88, R, 471807, 1242
89, F, 478973, 4181
90, S, 481850, 2217
91, L, 480563, 2905
92, A, 484980, 1027
93, W, 484524, 2640
94, P, 485091, 1548
95, R, 487044, 1499
96, I, 495121, 2717
97, Q, 496645, 2576
98, P, 495938, 1339
99, T, 496878, 1750
100, G, 497464, 1290
101, R, 508551, 1561
102, G, 510622, 989
103, P, 515075, 1355
104, A, 515913, 1220
105, L, 515973, 2953
106, Q, 523735, 3961
107, K, 524307, 4002
108, G, 524710, 805
109, L, 526902, 2652
110, D, 532312, 1972
111, F, 532890, 4362
112, Y, 533049, 3735
113, R, 531102, 1428
114, R, 531838, 1498
115, L, 532125, 3019
116, A, 533147, 1614
117, D, 534628, 2096
118, E, 535221, 3138
119, L, 537678, 2287
120, L, 537685, 3167
121, A, 543236, 1421
122, K, 542816, 4920
123, G, 542233, 933
124, I, 544557, 3472
125, Q, 544618, 2708
126, P, 543744, 1282
127, V, 549199, 2356
128, A, 551439, 1480
129, T, 562064, 2459
130, L, 570480, 3283
131, Y, 581434, 3011
132, H, 579666, 2677
133, W, 577264, 3830
134, D, 569835, 2748
135, L, 568281, 2943
136, P, 569419, 1568
137, Q, 569807, 3396
138, E, 572007, 2528
139, L, 573141, 2583
140, E, 576773, 3173
141, N, 574382, 4402
142, A, 574613, 1132
143, G, 574816, 869
144, G, 575527, 1031
145, W, 576294, 3719
146, P, 577811, 1769
147, E, 579346, 2929
148, R, 577908, 1453
149, A, 586919, 1386
150, T, 587374, 2446
151, A, 584964, 1344
152, E, 584981, 2741
153, R, 584967, 1435
154, F, 584192, 4496
155, A, 591324, 1449
156, E, 594337, 2731
157, Y, 595222, 3350
158, A, 592622, 1181
159, A, 591365, 1340
160, I, 588989, 3178
161, A, 589471, 1279
162, A, 590114, 1486
163, D, 592660, 2946
164, A, 598172, 1085
165, L, 602109, 2508
166, G, 600143, 1287
167, D, 595960, 2755
168, R, 593016, 1637
169, V, 602990, 2323
170, K, 603183, 3994
171, T, 608316, 2309
172, W, 604616, 3973
173, T, 598936, 2076
174, T, 601682, 2669
175, L, 601996, 2967
176, N, 607914, 2817
177, E, 605140, 3260
178, P, 609249, 1272
179, W, 612769, 3337
180, C, 617556, 3420
181, S, 608267, 4308
182, A, 612359, 1348
183, F, 619545, 3813
184, L, 615569, 2510
185, G, 617830, 1410
186, Y, 614079, 3274
187, G, 613644, 1298
188, S, 616416, 2454
189, G, 615572, 1323
190, V, 613696, 2711
191, H, 617954, 2985
192, A, 618178, 1372
193, P, 618807, 1226
194, G, 629324, 1232
195, R, 629206, 1769
196, T, 626309, 1876
197, D, 625415, 3194
198, P, 617346, 1297
199, V, 619309, 2245
200, A, 619400, 1227
201, A, 621372, 1110
202, L, 619947, 2164
203, R, 620214, 1481
204, A, 619323, 1327
205, A, 622438, 1496
206, H, 626724, 3677
207, H, 629738, 2798
208, L, 634396, 2989
209, N, 638611, 3861
210, L, 629178, 2355
211, G, 630614, 1296
212, H, 629814, 4236
213, G, 630780, 1075
214, L, 627945, 3020
215, A, 626752, 1470
216, V, 636444, 2269
217, Q, 636732, 3821
218, A, 635928, 991
219, L, 632104, 1703
220, R, 634812, 1668
221, D, 634408, 3592
222, R, 626449, 1766
223, L, 627722, 2516
224, P, 627543, 1886
225, A, 627092, 1469
226, D, 627004, 2627
227, A, 630059, 1669
228, Q, 635345, 3779
229, C, 665311, 3598
230, S, 655845, 2427
231, V, 638341, 3061
232, T, 641360, 2858
233, L, 648093, 2904
234, N, 656670, 4542
235, I, 647112, 3610
236, H, 651291, 4068
237, H, 646572, 3534
238, V, 643797, 3118
239, R, 642093, 1869
240, P, 642044, 1346
241, L, 642101, 2984
242, T, 643917, 2994
243, D, 644165, 2598
244, S, 647330, 2660
245, D, 647243, 3116
246, A, 644132, 1529
247, D, 649151, 3361
248, A, 652035, 1707
249, D, 651954, 2513
250, A, 646665, 1560
251, V, 648472, 3064
252, R, 649159, 1497
253, R, 648064, 1896
254, I, 647793, 4450
255, D, 653014, 3500
256, A, 654575, 1368
257, L, 652320, 2866
258, A, 657207, 1509
259, N, 655686, 3524
260, R, 649041, 1650
261, V, 652961, 3539
262, F, 652720, 5043
263, T, 648955, 1836
264, G, 647761, 1369
265, P, 653842, 1385
266, M, 662329, 4370
267, L, 660999, 3272
268, Q, 661313, 4351
269, G, 653567, 1116
270, A, 654813, 1797
271, Y, 655590, 3581
272, P, 653977, 1549
273, E, 655082, 3472
274, D, 653170, 2677
275, L, 650252, 2878
276, V, 660436, 2947
277, K, 659350, 6775
278, D, 659513, 2394
279, T, 650502, 3460
280, A, 651943, 1486
281, G, 654481, 1135
282, L, 651917, 3509
283, T, 652451, 3220
284, D, 651701, 2673
285, W, 651338, 3880
286, S, 656997, 2277
287, F, 655286, 5043
288, V, 647313, 3402
289, R, 647909, 2060
290, D, 648316, 4453
291, G, 652728, 1216
292, D, 652484, 3472
293, L, 646241, 3067
294, R, 648115, 1802
295, L, 646655, 3311
296, A, 642705, 1861
297, H, 642279, 3181
298, Q, 644052, 4590
299, K, 644510, 5816
300, L, 642693, 2417
301, D, 643123, 2623
302, F, 642611, 3840
303, L, 642901, 2076
304, G, 642600, 1283
305, V, 644354, 2765
306, N, 647229, 5530
307, Y, 655561, 3617
308, Y, 658535, 2952
309, S, 637860, 3043
310, P, 635180, 1364
311, T, 636662, 2297
312, L, 635519, 2358
313, V, 636298, 2919
314, S, 632722, 2847
315, E, 629695, 3091
316, A, 628860, 1186
317, D, 630319, 3495
318, G, 630872, 1129
319, S, 628811, 2474
320, G, 625268, 1668
321, T, 622554, 3317
322, H, 627812, 3666
323, N, 627182, 3567
324, S, 619212, 2614
325, D, 616936, 3092
326, G, 614155, 1536
327, H, 615388, 3434
328, G, 616917, 1292
329, R, 618035, 1813
330, S, 615057, 3488
331, A, 610761, 1482
332, H, 605922, 3149
333, S, 599773, 2208
334, P, 598443, 1281
335, W, 595503, 3193
336, P, 592984, 1612
337, G, 597009, 1037
338, A, 596391, 1400
339, D, 595147, 2907
340, R, 573144, 1645
341, V, 573631, 2326
342, A, 572397, 1421
343, F, 568873, 3631
344, H, 568778, 3156
345, Q, 563182, 3294
346, P, 561851, 1373
347, P, 561542, 1182
348, G, 562803, 1128
349, E, 562244, 4155
350, T, 560447, 2866
351, T, 557560, 3050
352, A, 557424, 1190
353, M, 556123, 3571
354, G, 557663, 1116
355, W, 548745, 2738
356, A, 538747, 1017
357, V, 540171, 2141
358, D, 538138, 3366
359, P, 534263, 1475
360, S, 530231, 2245
361, G, 529350, 1149
362, L, 529836, 2719
363, Y, 536425, 3866
364, E, 526613, 3752
365, L, 508847, 2241
366, L, 505966, 2310
367, R, 503844, 1378
368, R, 501423, 1422
369, L, 501145, 1984
370, S, 501040, 2658
371, S, 498360, 2110
372, D, 498139, 2651
373, F, 493915, 4538
374, P, 493455, 1170
375, A, 492218, 1178
376, L, 491638, 2038
377, P, 491884, 1436
378, L, 491472, 1283
379, V, 491030, 2401
380, I, 488212, 3289
381, T, 485328, 1967
382, E, 485009, 3857
383, N, 484544, 4274
384, G, 480454, 979
385, A, 478430, 1276
386, A, 477011, 1314
387, F, 475893, 3843
388, H, 475115, 4144
389, D, 469257, 3047
390, Y, 459115, 3329
391, A, 451563, 1336
392, D, 449674, 2562
393, P, 449213, 1475
394, E, 449023, 3089
395, G, 446850, 1005
396, N, 444138, 4501
397, V, 444151, 2265
398, N, 441415, 3244
399, D, 421384, 2858
400, P, 420343, 1362
401, E, 419384, 2870
402, R, 412755, 1255
403, I, 410186, 2808
404, A, 408259, 1186
405, Y, 391970, 2379
406, V, 384683, 1967
407, R, 375080, 1311
408, D, 372845, 2569
409, H, 368466, 2459
410, L, 367026, 2134
411, A, 365187, 1141
412, A, 359132, 970
413, V, 357824, 1696
414, H, 354949, 2827
415, R, 347643, 1225
416, A, 342553, 1060
417, I, 342643, 2282
418, K, 340706, 3884
419, D, 338607, 2365
420, G, 327442, 791
421, S, 326792, 2028
422, D, 323023, 1654
423, V, 299873, 1923
424, R, 299371, 1102
425, G, 298390, 952
426, Y, 297766, 2463
427, F, 294413, 2890
428, L, 286396, 1627
429, W, 282987, 1925
430, S, 281196, 1728
431, L, 281034, 1468
432, L, 280050, 1538
433, D, 278957, 1941
434, N, 266937, 2215
435, F, 261948, 2273
436, E, 261423, 1912
437, W, 256219, 1747
438, A, 255764, 848
439, H, 254430, 2139
440, G, 248880, 598
441, Y, 245629, 1858
442, S, 233281, 1930
443, K, 228197, 3144
444, R, 225857, 719
445, F, 224731, 2719
446, G, 223671, 682
447, A, 218425, 726
448, V, 219199, 1426
449, Y, 215894, 2019
450, V, 197932, 1069
451, D, 162542, 1196
452, Y, 159617, 1036
453, P, 153575, 654
454, T, 151816, 878
455, G, 150772, 539
456, T, 150199, 1241
457, R, 149513, 591
458, I, 147698, 1390
459, P, 146480, 584
460, K, 144404, 1634
461, A, 141648, 402
462, S, 137480, 1415
463, A, 135525, 381
464, R, 134345, 540
465, W, 131399, 1123
466, Y, 125962, 1208
467, A, 120940, 383
468, E, 117779, 1096
469, V, 112667, 708
470, A, 110907, 413
471, R, 109520, 486
472, T, 108903, 880
473, G, 107889, 282
474, V, 106385, 677
475, L, 105605, 699
476, P, 102140, 511
477, T, 100866, 569
478, A, 99316, 361
479, G, 98846, 291
480, D, 95803, 737
481, P, 93946, 366
482, N, 92148, 893
483, S, 91200, 613
484, S, 90389, 574
485, S, 87511, 550
486, V, 87229, 582
487, D, 86835, 664
488, K, 84614, 931
489, L, 80300, 511
490, A, 79949, 292
491, A, 77527, 317
492, A, 77070, 309
493, L, 76097, 506
494, E, 75159, 773
495, H, 72479, 598
496, H, 67683, 541
497, H, 64991, 509
498, H, 60163, 474
499, H, 54818, 400
500, H, 49368, 339
501, *, 37931, 0
