0, M, 278084, 0
1, V, 301603, 2310
2, P, 310040, 707
3, A, 313506, 765
4, A, 317090, 950
5, Q, 320373, 2629
6, Q, 325794, 2366
7, T, 327518, 2193
8, A, 337724, 754
9, M, 342813, 3540
10, A, 344226, 1091
11, P, 345882, 951
12, D, 349872, 1574
13, A, 355794, 954
14, A, 364507, 688
15, L, 365738, 2196
16, T, 368286, 2524
17, F, 368391, 1484
18, P, 373586, 1026
19, E, 374575, 2891
20, G, 377751, 681
21, F, 382191, 948
22, L, 388488, 1275
23, W, 387461, 729
24, G, 413733, 256
25, S, 416107, 1860
26, A, 418435, 943
27, T, 419932, 807
28, A, 422785, 352
29, S, 425396, 1837
30, Y, 431409, 1097
31, Q, 433246, 810
32, I, 438634, 1916
33, E, 441945, 772
34, G, 440380, 219
35, A, 444820, 621
36, A, 446911, 1035
37, A, 452133, 1282
38, E, 457551, 2899
39, D, 458325, 2942
40, G, 456931, 1028
41, R, 473682, 572
42, T, 475969, 2156
43, P, 470073, 1456
44, S, 476113, 956
45, I, 484474, 2222
46, W, 485521, 814
47, D, 486667, 528
48, T, 490073, 3001
49, Y, 495805, 2215
50, A, 496466, 1558
51, R, 498355, 1582
52, T, 500859, 1871
53, P, 502511, 1261
54, G, 504866, 975
55, R, 505075, 1921
56, V, 508435, 739
57, R, 526070, 1698
58, N, 527231, 1271
59, G, 526809, 1058
60, D, 529326, 1339
61, T, 528472, 1382
62, G, 534645, 480
63, D, 536036, 2437
64, V, 538128, 1747
65, A, 543225, 1033
66, T, 544733, 2262
67, D, 559578, 2006
68, H, 578153, 938
69, Y, 595060, 1307
70, H, 591689, 2340
71, R, 585282, 1346
72, W, 585865, 2119
73, R, 587306, 1988
74, E, 588234, 3335
75, D, 592013, 458
76, V, 596701, 2294
77, A, 600226, 1300
78, L, 599232, 1430
79, M, 600689, 3499
80, A, 606664, 1326
81, E, 610737, 2682
82, L, 611613, 987
83, G, 619686, 1283
84, L, 621738, 1588
85, G, 630478, 1437
86, A, 633439, 1160
87, Y, 636492, 884
88, R, 634568, 452
89, F, 644260, 2441
90, S, 645254, 886
91, L, 640811, 921
92, A, 646429, 691
93, W, 644863, 892
94, P, 645403, 906
95, R, 647794, 309
96, I, 658451, 2222
97, Q, 660209, 2598
98, P, 657146, 1449
99, T, 658519, 2251
100, G, 658938, 1195
101, R, 671486, 2141
102, G, 673896, 787
103, P, 677475, 1647
104, A, 678190, 1508
105, L, 677048, 2776
106, Q, 687974, 4765
107, K, 688410, 4255
108, G, 685727, 579
109, L, 689468, 1141
110, D, 696941, 1985
111, F, 696983, 2763
112, Y, 697014, 909
113, R, 691918, 1734
114, R, 692865, 1917
115, L, 693460, 807
116, A, 694554, 1767
117, D, 696296, 1076
118, E, 696895, 3690
119, L, 699716, 926
120, L, 698906, 2005
121, A, 705122, 1749
122, K, 704052, 4382
123, G, 701438, 901
124, I, 704503, 2246
125, Q, 704523, 2901
126, P, 702481, 880
127, V, 709356, 1855
128, A, 711528, 1528
129, T, 724724, 796
130, L, 735188, 974
131, Y, 750162, 1329
132, H, 743154, 1140
133, W, 735965, 1028
134, D, 722168, 776
135, L, 720194, 1051
136, P, 721845, 786
137, Q, 722244, 3167
138, E, 724902, 3134
139, L, 726567, 1824
140, E, 730761, 1780
141, N, 726666, 5426
142, A, 726261, 1542
143, G, 726483, 638
144, G, 727101, 446
145, W, 727649, 806
146, P, 729413, 1789
147, E, 731183, 2832
148, R, 729273, 810
149, A, 740120, 1920
150, T, 740172, 2093
151, A, 736104, 1203
152, E, 736152, 2967
153, R, 736084, 1553
154, F, 734493, 4419
155, A, 744877, 1132
156, E, 748613, 2926
157, Y, 749582, 1598
158, A, 744701, 914
159, A, 742616, 1458
160, I, 738820, 3210
161, A, 739722, 1142
162, A, 740277, 1213
163, D, 742859, 3844
164, A, 749969, 937
165, L, 756182, 804
166, G, 752579, 1631
167, D, 745540, 2286
168, R, 742307, 2240
169, V, 754583, 1109
170, K, 754517, 3650
171, T, 763429, 2345
172, W, 758468, 1336
173, T, 747560, 2686
174, T, 751183, 1123
175, L, 750857, 1186
176, N, 757576, 726
177, E, 753350, 796
178, P, 758289, 372
179, W, 761758, 896
180, C, 767088, 966
181, S, 755279, 2420
182, A, 759157, 681
183, F, 769338, 2028
184, L, 766008, 1729
185, G, 768022, 553
186, Y, 762756, 1263
187, G, 761968, 1316
188, S, 764793, 1200
189, G, 763772, 658
190, V, 761303, 2586
191, H, 766720, 1645
192, A, 766462, 612
193, P, 767562, 427
194, G, 779829, 586
195, R, 779783, 1600
196, T, 776956, 1733
197, D, 775558, 3250
198, P, 766736, 1285
199, V, 768933, 2362
200, A, 769225, 1258
201, A, 771388, 1043
202, L, 769899, 433
203, R, 770017, 1554
204, A, 769184, 876
205, A, 773026, 1188
206, H, 779257, 646
207, H, 783337, 1418
208, L, 790505, 1198
209, N, 796052, 2516
210, L, 786260, 1088
211, G, 788288, 1131
212, H, 786676, 1113
213, G, 787878, 455
214, L, 786390, 2027
215, A, 784684, 1020
216, V, 798730, 2226
217, Q, 799531, 4020
218, A, 796950, 1119
219, L, 792048, 1073
220, R, 796393, 1440
221, D, 795519, 3533
222, R, 788121, 1998
223, L, 789630, 1574
224, P, 789469, 1615
225, A, 789305, 1615
226, D, 789252, 2513
227, A, 793659, 1740
228, Q, 800604, 4009
229, C, 837759, 2329
230, S, 826305, 836
231, V, 806331, 1529
232, T, 810987, 1581
233, L, 821511, 766
234, N, 833184, 2394
235, I, 822491, 1664
236, H, 828747, 3162
237, H, 823646, 3782
238, V, 820299, 2168
239, R, 818345, 1294
240, P, 818945, 1295
241, L, 818984, 1895
242, T, 821595, 2727
243, D, 822177, 2979
244, S, 826911, 1928
245, D, 826747, 3915
246, A, 822550, 1648
247, D, 828479, 2107
248, A, 831618, 1575
249, D, 831193, 2342
250, A, 824747, 1323
251, V, 826873, 2731
252, R, 827675, 856
253, R, 826451, 1971
254, I, 826653, 3650
255, D, 832929, 2528
256, A, 834899, 1248
257, L, 832993, 1405
258, A, 839127, 1201
259, N, 837790, 1915
260, R, 829808, 1227
261, V, 835195, 2809
262, F, 834899, 1385
263, T, 830049, 1833
264, G, 828067, 1143
265, P, 836025, 625
266, M, 846626, 2952
267, L, 844763, 1170
268, Q, 845303, 4471
269, G, 834899, 997
270, A, 837118, 1944
271, Y, 838253, 1189
272, P, 836846, 1155
273, E, 838223, 3900
274, D, 835083, 1401
275, L, 831642, 685
276, V, 845793, 2102
277, K, 845074, 6475
278, D, 844787, 2036
279, T, 832537, 2423
280, A, 834724, 1804
281, G, 838489, 1607
282, L, 835722, 2214
283, T, 836419, 2515
284, D, 835319, 2149
285, W, 834910, 918
286, S, 842834, 2497
287, F, 841048, 1643
288, V, 831289, 2502
289, R, 832672, 2177
290, D, 833255, 4282
291, G, 839395, 1690
292, D, 839188, 752
293, L, 832147, 3090
294, R, 835370, 1773
295, L, 834051, 2654
296, A, 828758, 2210
297, H, 828911, 2902
298, Q, 831756, 3910
299, K, 832720, 5312
300, L, 830581, 1070
301, D, 830819, 1394
302, F, 830456, 3672
303, L, 832305, 609
304, G, 831518, 664
305, V, 834610, 1651
306, N, 840457, 810
307, Y, 857565, 1465
308, Y, 862894, 716
309, S, 832392, 1822
310, P, 829306, 737
311, T, 832139, 2001
312, L, 831898, 2177
313, V, 833011, 1409
314, S, 828242, 2175
315, E, 824571, 4062
316, A, 823926, 1363
317, D, 826237, 3709
318, G, 827351, 1586
319, S, 824817, 2579
320, G, 819940, 1938
321, T, 815972, 3614
322, H, 826439, 3918
323, N, 826001, 3963
324, S, 817358, 3121
325, D, 814882, 3277
326, G, 810923, 2710
327, H, 813659, 3802
328, G, 816591, 1612
329, R, 820565, 2647
330, S, 819321, 3188
331, A, 816344, 1742
332, H, 811449, 4098
333, S, 803575, 2538
334, P, 804034, 1678
335, W, 800066, 1621
336, P, 797043, 1523
337, G, 805693, 1476
338, A, 806734, 1467
339, D, 805102, 3640
340, R, 779715, 1906
341, V, 782253, 1655
342, A, 782071, 1712
343, F, 777784, 3610
344, H, 778539, 3194
345, Q, 771517, 2887
346, P, 769846, 1397
347, P, 769511, 1504
348, G, 773038, 1248
349, E, 772006, 5198
350, T, 770068, 3193
351, T, 766570, 2382
352, A, 769968, 1187
353, M, 768903, 2783
354, G, 774424, 1264
355, W, 763091, 1700
356, A, 751124, 1216
357, V, 756475, 2389
358, D, 753923, 3140
359, P, 749671, 1567
360, S, 744618, 2520
361, G, 743856, 1550
362, L, 747525, 927
363, Y, 770114, 2475
364, E, 761135, 4162
365, L, 740181, 1050
366, L, 736928, 597
367, R, 734441, 1755
368, R, 731777, 2062
369, L, 732508, 1010
370, S, 732948, 2497
371, S, 730657, 1914
372, D, 730832, 3046
373, F, 725503, 4693
374, P, 725170, 1137
375, A, 722967, 1744
376, L, 722055, 1785
377, P, 723174, 1057
378, L, 723025, 988
379, V, 724376, 2420
380, I, 720848, 1943
381, T, 719776, 814
382, E, 720023, 783
383, N, 720499, 1564
384, G, 716125, 425
385, A, 714862, 1343
386, A, 714622, 1058
387, F, 718206, 4286
388, H, 719744, 3053
389, D, 718222, 882
390, Y, 705673, 767
391, A, 695023, 1651
392, D, 691991, 2094
393, P, 693305, 880
394, E, 693075, 3604
395, G, 690509, 914
396, N, 686610, 5308
397, V, 695741, 1746
398, N, 692480, 3964
399, D, 667703, 864
400, P, 670827, 1999
401, E, 671128, 3110
402, R, 663598, 318
403, I, 669552, 2733
404, A, 676220, 1942
405, Y, 656310, 1707
406, V, 649554, 1783
407, R, 638382, 2037
408, D, 634952, 3649
409, H, 628585, 918
410, L, 632076, 655
411, A, 630296, 1944
412, A, 624228, 1114
413, V, 624081, 1578
414, H, 621466, 3285
415, R, 612056, 1834
416, A, 606306, 971
417, I, 614192, 2197
418, K, 612461, 4784
419, D, 609633, 2947
420, G, 595397, 929
421, S, 608137, 2133
422, D, 604996, 2115
423, V, 576742, 1063
424, R, 575983, 1229
425, G, 575648, 627
426, Y, 578986, 1377
427, F, 577837, 2376
428, L, 568441, 967
429, W, 563249, 634
430, S, 560611, 1567
431, L, 565368, 842
432, L, 565815, 798
433, D, 566140, 618
434, N, 551066, 796
435, F, 547860, 2330
436, E, 547110, 723
437, W, 540064, 765
438, A, 542237, 1514
439, H, 542838, 3032
440, G, 544609, 320
441, Y, 541150, 1033
442, S, 525246, 2123
443, K, 517760, 3743
444, R, 515895, 223
445, F, 516507, 2730
446, G, 514552, 400
447, A, 507168, 1204
448, V, 533984, 1504
449, Y, 533935, 1289
450, V, 513650, 765
451, D, 468260, 2008
452, Y, 464891, 869
453, P, 455863, 1264
454, T, 453414, 1599
455, G, 452152, 808
456, T, 451155, 2714
457, R, 450307, 333
458, I, 448069, 2794
459, P, 450469, 1299
460, K, 447392, 452
461, A, 444768, 828
462, S, 439404, 1644
463, A, 438566, 598
464, R, 438126, 1577
465, W, 436148, 1209
466, Y, 430088, 991
467, A, 425772, 753
468, E, 422154, 3296
469, V, 415206, 979
470, A, 412534, 1233
471, R, 410460, 1463
472, T, 409330, 2180
473, G, 408834, 894
474, V, 407464, 2047
475, L, 406648, 1568
476, P, 401833, 1469
477, T, 399372, 2011
478, A, 397752, 1171
479, G, 397519, 1138
480, D, 392889, 2458
481, P, 390812, 1464
482, N, 388544, 2994
483, S, 387580, 2450
484, S, 385421, 2233
485, S, 380860, 2285
486, V, 381872, 2650
487, D, 380254, 2873
488, K, 376178, 3694
489, L, 370146, 1813
490, A, 368013, 1203
491, A, 362912, 1215
492, A, 360969, 1250
493, L, 361271, 2258
494, E, 359077, 3645
495, H, 353604, 2592
496, H, 347822, 2591
497, H, 343174, 2607
498, H, 334212, 2521
499, H, 321984, 2647
500, H, 307248, 2222
501, *, 256484, 0
