0, M, 0, 0
1, K, 0, 0
2, L, 361916, 0
3, E, 388758, 519
4, N, 393867, 98
5, G, 394366, 400
6, Q, 394673, 162
7, K, 394724, 851
8, F, 394815, 273
9, G, 394841, 288
10, R, 394861, 756
11, V, 394868, 3257
12, H, 394875, 10249
13, E, 394884, 2872
14, R, 394888, 2718
15, A, 394892, 2847
16, E, 394896, 7446
17, G, 394899, 4684
18, P, 394905, 11443
19, A, 394910, 9212
20, K, 394911, 3004
21, I, 394916, 3569
22, L, 394917, 6458
23, A, 394917, 6534
24, I, 394915, 15090
25, G, 394914, 4809
26, T, 394914, 5494
27, A, 394914, 8833
28, T, 394914, 3742
29, P, 394914, 1239
30, F, 394914, 3766
31, H, 394916, 2220
32, W, 394917, 4612
33, V, 394915, 1334
34, D, 394918, 2221
35, Q, 394918, 3731
36, S, 394919, 1841
37, S, 394921, 523
38, Y, 394924, 2145
39, P, 394924, 1018
40, D, 394928, 614
41, Y, 394928, 686
42, Y, 394929, 393
43, F, 394929, 1302
44, R, 394930, 2320
45, V, 394932, 1471
46, T, 394933, 1351
47, N, 394934, 4730
48, S, 394935, 653
49, D, 394935, 693
50, H, 394933, 455
51, L, 394933, 1923
52, V, 394931, 1193
53, D, 394931, 2241
54, L, 394933, 894
55, K, 394930, 3371
56, E, 394930, 1749
57, K, 394931, 11341
58, F, 394932, 1677
59, R, 394927, 2671
60, R, 394927, 900
61, I, 394924, 365
62, C, 394924, 310
63, N, 394923, 4170
64, R, 394922, 489
65, T, 394919, 815
66, M, 394916, 6753
67, I, 394912, 2195
68, S, 394910, 763
69, K, 394908, 2085
70, R, 394899, 595
71, H, 394896, 874
72, M, 394890, 1457
73, F, 535871, 958
74, L, 541422, 1059
75, T, 541975, 1121
76, E, 542538, 2011
77, E, 542580, 5453
78, I, 542719, 808
79, L, 542637, 3006
80, Q, 542334, 1132
81, K, 541117, 515
82, N, 535620, 4846
83, P, 515169, 180
84, N, 148257, 627
85, L, 148257, 199
86, C, 148258, 341
87, S, 148258, 1327
88, H, 148258, 1002
89, N, 148258, 2143
90, E, 148259, 935
91, P, 148260, 555
92, S, 148261, 846
93, F, 148261, 310
94, D, 148261, 2356
95, V, 148261, 784
96, R, 148263, 350
97, Q, 148264, 623
98, D, 148264, 1921
99, I, 148264, 1039
100, L, 148268, 345
101, V, 148268, 251
102, S, 148269, 401
103, E, 148270, 3198
104, I, 148271, 894
105, P, 148273, 546
106, K, 148275, 961
107, L, 148276, 1867
108, G, 148276, 171
109, K, 148278, 736
110, E, 148277, 300
111, A, 148277, 424
112, V, 148277, 1137
113, L, 148275, 370
114, M, 148275, 842
115, A, 148274, 504
116, I, 148275, 1871
117, D, 148277, 1843
118, E, 148276, 2661
119, W, 148276, 2639
120, A, 148276, 633
121, Q, 148276, 1158
122, P, 148276, 1341
123, K, 148274, 194
124, S, 148273, 102
125, K, 148273, 239
126, I, 148273, 389
127, T, 148270, 2211
128, H, 148269, 1861
129, L, 148266, 1545
130, V, 148266, 418
131, F, 148266, 713
132, C, 148264, 338
133, T, 148264, 294
134, R, 148261, 1050
135, S, 148256, 548
136, G, 148254, 1208
137, V, 148253, 1788
138, D, 148253, 274
139, M, 148250, 268
140, P, 148249, 2466
141, G, 148247, 1157
142, A, 148245, 706
143, D, 148244, 1995
144, Y, 148240, 787
145, Q, 148239, 503
146, L, 148231, 644
147, I, 148219, 327
148, K, 148214, 589
149, L, 148190, 928
150, L, 148175, 1030
151, G, 148152, 399
152, L, 148127, 481
153, S, 148064, 151
154, P, 148015, 378
155, S, 147823, 157
156, V, 147601, 36
157, Q, 147373, 66
158, R, 146865, 59
159, V, 146183, 30
160, M, 144310, 38
161, M, 130458, 0
162, Y, 47, 0
163, Q, 47, 0
164, Q, 47, 0
165, G, 47, 0
166, C, 47, 0
167, F, 47, 0
168, A, 47, 0
169, G, 47, 0
170, G, 47, 0
171, T, 47, 0
172, M, 47, 0
173, L, 47, 0
174, R, 47, 0
175, L, 47, 0
176, A, 47, 0
177, K, 47, 0
178, D, 47, 0
179, L, 47, 0
180, A, 47, 0
181, E, 47, 0
182, N, 47, 0
183, N, 47, 0
184, K, 47, 0
185, G, 47, 0
186, A, 47, 0
187, R, 47, 0
188, V, 47, 0
189, L, 47, 0
190, V, 47, 0
191, V, 47, 0
192, C, 47, 0
193, A, 47, 0
194, E, 47, 0
195, S, 47, 0
196, S, 47, 0
197, A, 47, 0
198, I, 47, 0
199, G, 47, 0
200, F, 47, 0
201, R, 47, 0
202, G, 48, 0
203, P, 48, 0
204, S, 48, 0
205, E, 48, 0
206, D, 48, 0
207, H, 48, 0
208, P, 48, 0
209, D, 48, 0
210, N, 48, 0
211, L, 48, 0
212, I, 48, 0
213, A, 48, 0
214, Q, 48, 0
215, A, 48, 0
216, L, 48, 0
217, F, 48, 0
218, G, 48, 0
219, D, 48, 0
220, G, 48, 0
221, A, 48, 0
222, A, 48, 0
223, A, 48, 0
224, L, 48, 0
225, I, 48, 0
226, I, 48, 0
227, G, 48, 0
228, S, 48, 0
229, D, 762644, 0
230, P, 808810, 338
231, K, 813073, 254
232, M, 815783, 576
233, G, 816693, 1176
234, L, 817464, 6555
235, E, 817747, 729
236, R, 817856, 521
237, P, 817942, 4830
238, I, 817984, 26310
239, F, 818014, 6881
240, E, 818024, 1507
241, I, 818034, 2009
242, V, 818040, 4894
243, T, 818044, 14756
244, T, 818047, 5683
245, A, 818047, 5416
246, Q, 818053, 7050
247, T, 818056, 3905
248, F, 818059, 7394
249, V, 818059, 5430
250, P, 818060, 4064
251, N, 818060, 10289
252, G, 818060, 2636
253, D, 818059, 2168
254, C, 818060, 3580
255, H, 818061, 2018
256, L, 818062, 9479
257, A, 818062, 8393
258, L, 818063, 24339
259, H, 818068, 31847
260, L, 818067, 14222
261, R, 818070, 6850
262, E, 818075, 7970
263, M, 818126, 1879
264, G, 818126, 1271
265, L, 818127, 6244
266, T, 818131, 5779
267, F, 818132, 6213
268, H, 818131, 2873
269, C, 818134, 3222
270, T, 818135, 1829
271, K, 818136, 9032
272, D, 818135, 18223
273, V, 818129, 12796
274, P, 818129, 4909
275, P, 818125, 17678
276, T, 818122, 1313
277, I, 818123, 1650
278, A, 818123, 2446
279, K, 818125, 1448
280, N, 818124, 11961
281, V, 818116, 1059
282, E, 818120, 7255
283, S, 818120, 3093
284, C, 818120, 1668
285, L, 818118, 9097
286, I, 818115, 3784
287, K, 818108, 12583
288, A, 818106, 1080
289, F, 818107, 4662
290, E, 818104, 10868
291, P, 818100, 3925
292, L, 818098, 2510
293, G, 818092, 697
294, I, 818088, 5987
295, S, 818083, 6298
296, D, 818074, 4588
297, W, 818069, 4477
298, N, 818065, 4560
299, S, 818058, 5178
300, I, 818053, 2591
301, F, 818040, 1793
302, W, 818015, 3699
303, I, 817983, 5923
304, L, 817948, 4580
305, H, 817885, 4224
306, P, 818028, 8349
307, G, 2384982, 3339
308, G, 2410184, 6340
309, N, 2429472, 2288
310, A, 2434869, 8997
311, I, 2435203, 2950
312, V, 2431101, 5576
313, D, 2428351, 19969
314, Q, 2422259, 30628
315, V, 2407522, 12565
316, E, 2379456, 16445
317, S, 1619768, 3551
318, T, 1619794, 18822
319, L, 1619815, 15154
320, G, 1619819, 11377
321, L, 1619824, 15229
322, E, 1619834, 4366
323, P, 1619840, 8130
324, N, 1619849, 16054
325, K, 1619858, 4989
326, L, 1619858, 5038
327, Q, 1619859, 13055
328, A, 1619860, 3571
329, T, 1619860, 2891
330, R, 1619864, 4863
331, N, 1619851, 9971
332, I, 1619854, 1857
333, L, 1619855, 3514
334, R, 1619856, 5594
335, E, 1619859, 10228
336, Y, 1619864, 9402
337, G, 1619862, 1874
338, N, 1619869, 1885
339, L, 1619872, 4657
340, S, 1619876, 6019
341, S, 1619880, 3115
342, A, 1619880, 6510
343, C, 1619885, 4946
344, V, 1619883, 6866
345, L, 1619883, 8696
346, F, 1619885, 2228
347, I, 1619879, 4640
348, L, 1619879, 5366
349, D, 1619878, 10278
350, E, 1619879, 5445
351, I, 1619880, 3461
352, R, 1619881, 9580
353, K, 1619881, 4387
354, K, 1619878, 1572
355, S, 1619873, 12333
356, G, 1619866, 966
357, R, 1619858, 2547
358, E, 1619855, 2090
359, G, 1619852, 1279
360, L, 1619850, 15418
361, K, 1619847, 25611
362, T, 1619847, 31677
363, S, 1619845, 20720
364, G, 1619843, 21252
365, D, 1619842, 38759
366, G, 1619833, 13007
367, L, 1619828, 18043
368, D, 1619821, 15690
369, L, 1619817, 5881
370, G, 1619801, 20471
371, V, 1619794, 11053
372, L, 1619792, 54226
373, L, 1619788, 24581
374, S, 1619767, 20840
375, F, 1619742, 21025
376, G, 1619700, 3940
377, P, 1619672, 10786
378, G, 1619652, 11126
379, L, 1619571, 10791
380, T, 1619536, 8749
381, I, 1619473, 12433
382, E, 1619347, 34614
383, T, 1619219, 32042
384, V, 1619007, 10305
385, V, 1618194, 18852
386, L, 1617558, 24139
387, R, 1616268, 13336
388, S, 1611607, 672
389, V, 1603095, 332
390, P, 1582202, 3683
391, I, 1570318, 347
392, L, 1479140, 0
393, E, 0, 0
394, R, 0, 0
395, K, 0, 0
396, G, 0, 0
397, E, 0, 0
398, E, 0, 0
399, L, 0, 0
400, F, 0, 0
401, T, 0, 0
402, G, 0, 0
403, V, 0, 0
404, V, 0, 0
405, P, 0, 0
406, I, 0, 0
407, L, 0, 0
408, V, 0, 0
409, E, 0, 0
410, L, 0, 0
411, D, 0, 0
412, G, 0, 0
413, D, 0, 0
414, V, 0, 0
415, N, 0, 0
416, G, 0, 0
417, H, 0, 0
418, K, 0, 0
419, F, 0, 0
420, S, 0, 0
421, V, 0, 0
422, S, 0, 0
423, G, 0, 0
424, E, 0, 0
425, G, 0, 0
426, E, 0, 0
427, G, 0, 0
428, D, 0, 0
429, A, 0, 0
430, T, 0, 0
431, Y, 0, 0
432, G, 0, 0
433, K, 0, 0
434, L, 0, 0
435, T, 0, 0
436, L, 0, 0
437, K, 0, 0
438, F, 0, 0
439, I, 0, 0
440, C, 0, 0
441, T, 0, 0
442, T, 0, 0
443, G, 0, 0
444, K, 0, 0
445, L, 0, 0
446, P, 0, 0
447, V, 0, 0
448, P, 0, 0
449, W, 0, 0
450, P, 0, 0
451, T, 0, 0
452, L, 0, 0
453, V, 0, 0
454, T, 0, 0
455, T, 0, 0
456, F, 0, 0
457, G, 0, 0
458, Y, 0, 0
459, G, 0, 0
460, V, 0, 0
461, Q, 0, 0
462, C, 0, 0
463, F, 0, 0
464, A, 0, 0
465, R, 0, 0
466, Y, 0, 0
467, P, 0, 0
468, D, 0, 0
469, H, 0, 0
470, M, 0, 0
471, K, 0, 0
472, Q, 0, 0
473, H, 0, 0
474, D, 0, 0
475, F, 0, 0
476, F, 0, 0
477, K, 0, 0
478, S, 0, 0
479, A, 0, 0
480, M, 0, 0
481, P, 0, 0
482, E, 0, 0
483, G, 0, 0
484, Y, 0, 0
485, V, 0, 0
486, Q, 0, 0
487, E, 0, 0
488, R, 0, 0
489, T, 0, 0
490, I, 0, 0
491, F, 0, 0
492, F, 0, 0
493, K, 0, 0
494, D, 0, 0
495, D, 0, 0
496, G, 0, 0
497, N, 0, 0
498, Y, 0, 0
499, K, 0, 0
500, T, 0, 0
501, R, 0, 0
502, A, 0, 0
503, E, 0, 0
504, V, 0, 0
505, K, 0, 0
506, F, 0, 0
507, E, 0, 0
508, G, 0, 0
509, D, 0, 0
510, T, 0, 0
511, L, 0, 0
512, V, 0, 0
513, N, 0, 0
514, R, 0, 0
515, I, 0, 0
516, E, 0, 0
517, L, 0, 0
518, K, 0, 0
519, G, 0, 0
520, I, 0, 0
521, D, 0, 0
522, F, 0, 0
523, K, 0, 0
524, E, 0, 0
525, D, 0, 0
526, G, 0, 0
527, N, 0, 0
528, I, 0, 0
529, L, 0, 0
530, G, 0, 0
531, H, 0, 0
532, K, 0, 0
533, L, 0, 0
534, E, 0, 0
535, Y, 0, 0
536, N, 0, 0
537, Y, 0, 0
538, N, 0, 0
539, S, 0, 0
540, H, 0, 0
541, N, 0, 0
542, V, 0, 0
543, Y, 0, 0
544, I, 0, 0
545, M, 0, 0
546, A, 0, 0
547, D, 0, 0
548, K, 0, 0
549, Q, 0, 0
550, K, 0, 0
551, N, 0, 0
552, G, 0, 0
553, I, 0, 0
554, K, 0, 0
555, V, 0, 0
556, N, 0, 0
557, F, 0, 0
558, K, 0, 0
559, I, 0, 0
560, R, 0, 0
561, H, 0, 0
562, N, 0, 0
563, I, 0, 0
564, E, 0, 0
565, D, 0, 0
566, G, 0, 0
567, S, 0, 0
568, V, 0, 0
569, Q, 0, 0
570, L, 0, 0
571, A, 0, 0
572, D, 0, 0
573, H, 0, 0
574, Y, 0, 0
575, Q, 0, 0
576, Q, 0, 0
577, N, 0, 0
578, T, 0, 0
579, P, 0, 0
580, I, 0, 0
581, G, 0, 0
582, D, 0, 0
583, G, 0, 0
584, P, 0, 0
585, V, 0, 0
586, L, 0, 0
587, L, 0, 0
588, P, 0, 0
589, D, 0, 0
590, N, 0, 0
591, H, 0, 0
592, Y, 0, 0
593, L, 0, 0
594, S, 0, 0
595, T, 0, 0
596, Q, 0, 0
597, S, 0, 0
598, K, 0, 0
599, L, 0, 0
600, S, 0, 0
601, K, 0, 0
602, D, 0, 0
603, P, 0, 0
604, N, 0, 0
605, E, 0, 0
606, K, 0, 0
607, R, 0, 0
608, D, 0, 0
609, H, 0, 0
610, M, 0, 0
611, V, 0, 0
612, L, 0, 0
613, L, 0, 0
614, E, 0, 0
615, F, 0, 0
616, V, 0, 0
617, T, 0, 0
618, A, 0, 0
619, A, 0, 0
620, G, 0, 0
621, I, 0, 0
622, T, 0, 0
623, H, 0, 0
624, G, 0, 0
625, M, 0, 0
626, D, 0, 0
627, E, 0, 0
628, L, 0, 0
629, Y, 0, 0
630, K, 0, 0
631, H, 0, 0
632, H, 0, 0
633, H, 0, 0
634, H, 0, 0
635, H, 0, 0
636, H, 0, 0
637, *, 0, 0
