0, M, 0, 0
1, K, 0, 0
2, L, 214815, 0
3, E, 230365, 276
4, N, 233381, 57
5, G, 233659, 269
6, Q, 233842, 101
7, K, 233875, 784
8, F, 233938, 200
9, G, 233966, 165
10, R, 233978, 817
11, V, 233986, 2553
12, H, 233990, 6733
13, E, 233991, 1707
14, R, 233991, 1465
15, A, 233995, 1522
16, E, 233996, 5412
17, G, 233998, 1471
18, P, 234000, 5079
19, A, 234001, 2436
20, K, 234003, 2093
21, I, 234008, 1078
22, L, 234008, 1689
23, A, 234008, 2033
24, I, 234008, 3118
25, G, 234008, 1468
26, T, 234008, 2724
27, A, 234008, 3613
28, T, 234008, 2496
29, P, 234008, 637
30, F, 234011, 1290
31, H, 234014, 1714
32, W, 234014, 2841
33, V, 234014, 515
34, D, 234014, 721
35, Q, 234014, 1832
36, S, 234013, 760
37, S, 234013, 354
38, Y, 234013, 986
39, P, 234013, 596
40, D, 234013, 301
41, Y, 234013, 338
42, Y, 234013, 206
43, F, 234013, 1046
44, R, 234013, 1109
45, V, 234013, 1239
46, T, 234013, 772
47, N, 234014, 2472
48, S, 234015, 487
49, D, 234015, 453
50, H, 234015, 257
51, L, 234015, 1196
52, V, 234015, 731
53, D, 234015, 1100
54, L, 234015, 463
55, K, 234018, 1339
56, E, 234021, 684
57, K, 234021, 2525
58, F, 234021, 790
59, R, 234021, 1475
60, R, 234018, 491
61, I, 234018, 336
62, C, 234018, 207
63, N, 234017, 1920
64, R, 234015, 356
65, T, 234016, 343
66, M, 234009, 2235
67, I, 234007, 1249
68, S, 234002, 590
69, K, 234000, 894
70, R, 233999, 153
71, H, 233995, 441
72, M, 233994, 732
73, F, 1144511, 921
74, L, 1177312, 871
75, T, 1180527, 1117
76, E, 1183697, 1273
77, E, 1184300, 3435
78, I, 1185477, 3096
79, L, 1185843, 21472
80, Q, 1185786, 6215
81, K, 1184739, 3184
82, N, 1171102, 30065
83, P, 1145248, 695
84, N, 952416, 1997
85, L, 952424, 1156
86, C, 952427, 3171
87, S, 952434, 7715
88, H, 952435, 4440
89, N, 952438, 18228
90, E, 952440, 5102
91, P, 952444, 5158
92, S, 952451, 7799
93, F, 952459, 4664
94, D, 952461, 18114
95, V, 952463, 7252
96, R, 952464, 2238
97, Q, 952465, 4002
98, D, 952465, 8817
99, I, 952467, 10255
100, L, 952466, 3106
101, V, 952465, 3220
102, S, 952466, 1279
103, E, 952465, 9314
104, I, 952465, 4690
105, P, 952465, 10564
106, K, 952462, 5805
107, L, 952463, 5813
108, G, 952464, 1742
109, K, 952466, 5597
110, E, 952465, 1830
111, A, 952467, 2088
112, V, 952465, 14481
113, L, 952463, 4390
114, M, 952463, 7550
115, A, 952464, 3320
116, I, 952463, 8830
117, D, 952465, 12154
118, E, 952460, 12453
119, W, 952459, 4996
120, A, 952459, 5316
121, Q, 952460, 5636
122, P, 952459, 6522
123, K, 952461, 1285
124, S, 952457, 582
125, K, 952457, 1896
126, I, 952456, 1943
127, T, 952451, 4870
128, H, 952448, 4725
129, L, 952444, 4032
130, V, 952443, 1982
131, F, 952443, 3877
132, C, 952439, 1201
133, T, 952435, 1958
134, R, 952427, 6158
135, S, 952421, 6571
136, G, 952419, 10100
137, V, 952409, 9397
138, D, 952404, 2397
139, M, 952397, 1936
140, P, 952392, 10637
141, G, 952389, 4407
142, A, 952382, 7518
143, D, 952381, 13734
144, Y, 952379, 6371
145, Q, 952370, 4514
146, L, 952333, 2306
147, I, 952287, 2389
148, K, 952234, 5985
149, L, 952143, 5408
150, L, 952045, 1726
151, G, 951916, 3060
152, L, 951763, 1612
153, S, 951448, 844
154, P, 951220, 2113
155, S, 950224, 1334
156, V, 948968, 284
157, Q, 947840, 571
158, R, 944845, 517
159, V, 941435, 211
160, M, 930529, 250
161, M, 853589, 0
162, Y, 35, 0
163, Q, 35, 0
164, Q, 35, 0
165, G, 35, 0
166, C, 35, 0
167, F, 35, 0
168, A, 35, 0
169, G, 35, 0
170, G, 35, 0
171, T, 35, 0
172, M, 35, 0
173, L, 35, 0
174, R, 35, 0
175, L, 35, 0
176, A, 35, 0
177, K, 35, 0
178, D, 35, 0
179, L, 35, 0
180, A, 35, 0
181, E, 35, 0
182, N, 35, 0
183, N, 35, 0
184, K, 35, 0
185, G, 35, 0
186, A, 35, 0
187, R, 35, 0
188, V, 35, 0
189, L, 35, 0
190, V, 35, 0
191, V, 35, 0
192, C, 35, 0
193, A, 35, 0
194, E, 35, 0
195, S, 35, 0
196, S, 35, 0
197, A, 35, 0
198, I, 35, 0
199, G, 35, 0
200, F, 35, 0
201, R, 35, 0
202, G, 35, 0
203, P, 35, 0
204, S, 35, 0
205, E, 35, 0
206, D, 35, 0
207, H, 35, 0
208, P, 35, 0
209, D, 35, 0
210, N, 35, 0
211, L, 35, 0
212, I, 35, 0
213, A, 35, 0
214, Q, 35, 0
215, A, 35, 0
216, L, 35, 0
217, F, 35, 0
218, G, 35, 0
219, D, 35, 0
220, G, 35, 0
221, A, 35, 0
222, A, 35, 0
223, A, 35, 0
224, L, 35, 0
225, I, 35, 0
226, I, 35, 0
227, G, 35, 0
228, S, 35, 0
229, D, 299721, 0
230, P, 318758, 137
231, K, 320518, 111
232, M, 321575, 258
233, G, 321907, 474
234, L, 322240, 2608
235, E, 322350, 191
236, R, 322393, 158
237, P, 322419, 1538
238, I, 322443, 5322
239, F, 322455, 1532
240, E, 322464, 551
241, I, 322471, 436
242, V, 322472, 1700
243, T, 322473, 3085
244, T, 322475, 2027
245, A, 322477, 2355
246, Q, 322480, 1013
247, T, 322483, 1510
248, F, 322482, 4564
249, V, 322482, 2530
250, P, 322482, 1829
251, N, 322484, 2063
252, G, 322483, 962
253, D, 322483, 989
254, C, 322483, 3533
255, H, 322484, 1198
256, L, 322485, 2461
257, A, 322485, 1600
258, L, 322487, 13456
259, H, 322489, 18652
260, L, 322490, 8025
261, R, 322490, 3742
262, E, 322490, 2703
263, M, 322502, 1221
264, G, 322502, 434
265, L, 322502, 4777
266, T, 322503, 3473
267, F, 322502, 2810
268, H, 322500, 1781
269, C, 322501, 2491
270, T, 322501, 1066
271, K, 322500, 4073
272, D, 322500, 4305
273, V, 322495, 4132
274, P, 322495, 2091
275, P, 322495, 4710
276, T, 322497, 801
277, I, 322496, 423
278, A, 322495, 1121
279, K, 322496, 600
280, N, 322492, 7922
281, V, 322490, 368
282, E, 322490, 1852
283, S, 322490, 1515
284, C, 322490, 736
285, L, 322490, 1863
286, I, 322492, 1932
287, K, 322491, 1985
288, A, 322491, 292
289, F, 322490, 1021
290, E, 322489, 2112
291, P, 322486, 1633
292, L, 322485, 865
293, G, 322482, 187
294, I, 322481, 1120
295, S, 322478, 2215
296, D, 322475, 1308
297, W, 322473, 1358
298, N, 322470, 663
299, S, 322468, 931
300, I, 322461, 1036
301, F, 322458, 638
302, W, 322453, 1345
303, I, 322448, 2131
304, L, 322436, 1018
305, H, 322419, 2490
306, P, 322423, 2117
307, G, 798335, 1221
308, G, 805989, 1138
309, N, 812034, 1431
310, A, 813744, 4066
311, I, 813834, 930
312, V, 812454, 1122
313, D, 811561, 2391
314, Q, 809328, 7017
315, V, 802995, 2055
316, E, 781306, 3310
317, S, 492196, 1039
318, T, 492207, 6244
319, L, 492214, 2274
320, G, 492215, 2232
321, L, 492218, 1997
322, E, 492219, 972
323, P, 492221, 1968
324, N, 492224, 2988
325, K, 492225, 831
326, L, 492225, 905
327, Q, 492225, 2542
328, A, 492225, 758
329, T, 492225, 697
330, R, 492227, 777
331, N, 492227, 2962
332, I, 492228, 588
333, L, 492228, 907
334, R, 492227, 919
335, E, 492228, 1761
336, Y, 492230, 1534
337, G, 492230, 468
338, N, 492232, 582
339, L, 492234, 2033
340, S, 492234, 1954
341, S, 492234, 681
342, A, 492236, 1229
343, C, 492234, 2996
344, V, 492231, 3376
345, L, 492231, 4537
346, F, 492231, 829
347, I, 492231, 1305
348, L, 492231, 1502
349, D, 492229, 910
350, E, 492229, 798
351, I, 492231, 650
352, R, 492231, 708
353, K, 492231, 724
354, K, 492230, 383
355, S, 492226, 2985
356, G, 492223, 693
357, R, 492222, 484
358, E, 492220, 673
359, G, 492219, 458
360, L, 492219, 2108
361, K, 492216, 3551
362, T, 492215, 3568
363, S, 492216, 3155
364, G, 492214, 3132
365, D, 492215, 5577
366, G, 492213, 2065
367, L, 492213, 5305
368, D, 492212, 790
369, L, 492212, 2503
370, G, 492209, 1008
371, V, 492206, 10499
372, L, 492207, 16932
373, L, 492204, 17477
374, S, 492200, 7471
375, F, 492192, 21568
376, G, 492183, 2412
377, P, 492179, 3618
378, G, 492173, 4011
379, L, 492151, 8709
380, T, 492139, 4763
381, I, 492119, 8811
382, E, 492094, 2898
383, T, 492063, 4133
384, V, 492004, 10998
385, V, 491805, 17618
386, L, 491585, 13528
387, R, 491146, 1575
388, S, 489775, 193
389, V, 487403, 103
390, P, 479711, 1242
391, I, 475667, 99
392, L, 449750, 0
393, E, 0, 0
394, R, 0, 0
395, K, 0, 0
396, G, 0, 0
397, E, 0, 0
398, E, 0, 0
399, L, 0, 0
400, F, 0, 0
401, T, 0, 0
402, G, 0, 0
403, V, 0, 0
404, V, 0, 0
405, P, 0, 0
406, I, 0, 0
407, L, 0, 0
408, V, 0, 0
409, E, 0, 0
410, L, 0, 0
411, D, 0, 0
412, G, 0, 0
413, D, 0, 0
414, V, 0, 0
415, N, 0, 0
416, G, 0, 0
417, H, 0, 0
418, K, 0, 0
419, F, 0, 0
420, S, 0, 0
421, V, 0, 0
422, S, 0, 0
423, G, 0, 0
424, E, 0, 0
425, G, 0, 0
426, E, 0, 0
427, G, 0, 0
428, D, 0, 0
429, A, 0, 0
430, T, 0, 0
431, Y, 0, 0
432, G, 0, 0
433, K, 0, 0
434, L, 0, 0
435, T, 0, 0
436, L, 0, 0
437, K, 0, 0
438, F, 0, 0
439, I, 0, 0
440, C, 0, 0
441, T, 0, 0
442, T, 0, 0
443, G, 0, 0
444, K, 0, 0
445, L, 0, 0
446, P, 0, 0
447, V, 0, 0
448, P, 0, 0
449, W, 0, 0
450, P, 0, 0
451, T, 0, 0
452, L, 0, 0
453, V, 0, 0
454, T, 0, 0
455, T, 0, 0
456, F, 0, 0
457, G, 0, 0
458, Y, 0, 0
459, G, 0, 0
460, V, 0, 0
461, Q, 0, 0
462, C, 0, 0
463, F, 0, 0
464, A, 0, 0
465, R, 0, 0
466, Y, 0, 0
467, P, 0, 0
468, D, 0, 0
469, H, 0, 0
470, M, 0, 0
471, K, 0, 0
472, Q, 0, 0
473, H, 0, 0
474, D, 0, 0
475, F, 0, 0
476, F, 0, 0
477, K, 0, 0
478, S, 0, 0
479, A, 0, 0
480, M, 0, 0
481, P, 0, 0
482, E, 0, 0
483, G, 0, 0
484, Y, 0, 0
485, V, 0, 0
486, Q, 0, 0
487, E, 0, 0
488, R, 0, 0
489, T, 0, 0
490, I, 0, 0
491, F, 0, 0
492, F, 0, 0
493, K, 0, 0
494, D, 0, 0
495, D, 0, 0
496, G, 0, 0
497, N, 0, 0
498, Y, 0, 0
499, K, 0, 0
500, T, 0, 0
501, R, 0, 0
502, A, 0, 0
503, E, 0, 0
504, V, 0, 0
505, K, 0, 0
506, F, 0, 0
507, E, 0, 0
508, G, 0, 0
509, D, 0, 0
510, T, 0, 0
511, L, 0, 0
512, V, 0, 0
513, N, 0, 0
514, R, 0, 0
515, I, 0, 0
516, E, 0, 0
517, L, 0, 0
518, K, 0, 0
519, G, 0, 0
520, I, 0, 0
521, D, 0, 0
522, F, 0, 0
523, K, 0, 0
524, E, 0, 0
525, D, 0, 0
526, G, 0, 0
527, N, 0, 0
528, I, 0, 0
529, L, 0, 0
530, G, 0, 0
531, H, 0, 0
532, K, 0, 0
533, L, 0, 0
534, E, 0, 0
535, Y, 0, 0
536, N, 0, 0
537, Y, 0, 0
538, N, 0, 0
539, S, 0, 0
540, H, 0, 0
541, N, 0, 0
542, V, 0, 0
543, Y, 0, 0
544, I, 0, 0
545, M, 0, 0
546, A, 0, 0
547, D, 0, 0
548, K, 0, 0
549, Q, 0, 0
550, K, 0, 0
551, N, 0, 0
552, G, 0, 0
553, I, 0, 0
554, K, 0, 0
555, V, 0, 0
556, N, 0, 0
557, F, 0, 0
558, K, 0, 0
559, I, 0, 0
560, R, 0, 0
561, H, 0, 0
562, N, 0, 0
563, I, 0, 0
564, E, 0, 0
565, D, 0, 0
566, G, 0, 0
567, S, 0, 0
568, V, 0, 0
569, Q, 0, 0
570, L, 0, 0
571, A, 0, 0
572, D, 0, 0
573, H, 0, 0
574, Y, 0, 0
575, Q, 0, 0
576, Q, 0, 0
577, N, 0, 0
578, T, 0, 0
579, P, 0, 0
580, I, 0, 0
581, G, 0, 0
582, D, 0, 0
583, G, 0, 0
584, P, 0, 0
585, V, 0, 0
586, L, 0, 0
587, L, 0, 0
588, P, 0, 0
589, D, 0, 0
590, N, 0, 0
591, H, 0, 0
592, Y, 0, 0
593, L, 0, 0
594, S, 0, 0
595, T, 0, 0
596, Q, 0, 0
597, S, 0, 0
598, K, 0, 0
599, L, 0, 0
600, S, 0, 0
601, K, 0, 0
602, D, 0, 0
603, P, 0, 0
604, N, 0, 0
605, E, 0, 0
606, K, 0, 0
607, R, 0, 0
608, D, 0, 0
609, H, 0, 0
610, M, 0, 0
611, V, 0, 0
612, L, 0, 0
613, L, 0, 0
614, E, 0, 0
615, F, 0, 0
616, V, 0, 0
617, T, 0, 0
618, A, 0, 0
619, A, 0, 0
620, G, 0, 0
621, I, 0, 0
622, T, 0, 0
623, H, 0, 0
624, G, 0, 0
625, M, 0, 0
626, D, 0, 0
627, E, 0, 0
628, L, 0, 0
629, Y, 0, 0
630, K, 0, 0
631, H, 0, 0
632, H, 0, 0
633, H, 0, 0
634, H, 0, 0
635, H, 0, 0
636, H, 0, 0
637, *, 0, 0
