0, M, 1376958, 0
1, S, 1410105, 415289
2, D, 1433110, 53613
3, Q, 1439476, 42388
4, E, 1441922, 30675
5, A, 1444864, 30731
6, K, 1447266, 33619
7, P, 1447674, 23507
8, S, 1447925, 25925
9, T, 1448112, 62086
10, E, 1448269, 45328
11, D, 1448374, 47548
12, L, 1448440, 51535
13, G, 1448696, 39032
14, D, 1448753, 78542
15, K, 1448764, 69490
16, K, 1448786, 83342
17, E, 1448777, 99334
18, G, 1448816, 86178
19, E, 1448854, 32931
20, Y, 1448848, 46398
21, I, 1448866, 27472
22, K, 1448714, 19703
23, L, 1448672, 27615
24, K, 1448635, 16595
25, V, 1448474, 11608
26, I, 1448463, 12513
27, G, 2890844, 4973
28, Q, 2998678, 14615
29, D, 3014772, 30859
30, S, 3020918, 20356
31, S, 3022754, 27001
32, E, 3023538, 29025
33, I, 3022514, 73829
34, H, 3022989, 105856
35, F, 3022761, 21894
36, K, 3022362, 17531
37, V, 3015268, 33591
38, K, 3011002, 26207
39, M, 3004261, 33556
40, T, 2984979, 23769
41, T, 2937491, 44041
42, H, 1577339, 40469
43, L, 1577311, 35109
44, K, 1577227, 64930
45, K, 1577215, 59998
46, L, 1577214, 45636
47, K, 1577115, 44485
48, E, 1577087, 18563
49, S, 1577072, 20826
50, Y, 1577047, 33377
51, C, 1577039, 27340
52, Q, 1577030, 27121
53, R, 1577014, 17785
54, Q, 1577009, 27623
55, G, 1577004, 19825
56, V, 1577025, 19981
57, P, 1577017, 17495
58, M, 1577069, 29186
59, N, 1577059, 52642
60, S, 1577059, 39406
61, L, 2736256, 15864
62, R, 2822600, 27946
63, F, 2843545, 28523
64, L, 2849290, 17663
65, F, 2851375, 35443
66, E, 2851789, 34804
67, G, 2851965, 31796
68, Q, 2852127, 55740
69, R, 2852053, 19938
70, I, 2851628, 19155
71, A, 2850685, 17213
72, D, 2849218, 25351
73, N, 2846669, 48424
74, H, 2840160, 69188
75, T, 2820803, 64991
76, P, 2699026, 28622
77, K, 1275973, 20677
78, E, 1275975, 13421
79, L, 1275952, 14963
80, G, 1275925, 10572
81, M, 1275880, 31640
82, E, 1275851, 19320
83, E, 1275787, 23335
84, E, 1275720, 38255
85, D, 1275633, 59783
86, V, 1275541, 55077
87, I, 1275451, 92809
88, E, 1275322, 29628
89, V, 1275197, 44505
90, Y, 1274822, 49164
91, Q, 1273782, 52472
92, E, 1272913, 37151
93, Q, 1271519, 33143
94, T, 1268038, 17682
95, G, 1263007, 9171
96, G, 1242761, 25850
97, *, 1182486, 0
