0, M, 1493970, 0
1, S, 1533790, 293957
2, D, 1553518, 23470
3, Q, 1559073, 27734
4, E, 1561190, 28239
5, A, 1563946, 27156
6, K, 1566263, 18292
7, P, 1566646, 11856
8, S, 1566916, 19701
9, T, 1567118, 42885
10, E, 1567239, 33942
11, D, 1567356, 33453
12, L, 1567389, 30682
13, G, 1567570, 27151
14, D, 1567632, 51004
15, K, 1567624, 37094
16, K, 1567643, 59163
17, E, 1567657, 61778
18, G, 1567674, 58443
19, E, 1567712, 21349
20, Y, 1567691, 28104
21, I, 1567701, 8802
22, K, 1567561, 12154
23, L, 1567508, 6418
24, K, 1567471, 6754
25, V, 1567308, 8036
26, I, 1567294, 5333
27, G, 4942898, 2301
28, Q, 5213469, 14593
29, D, 5249455, 19030
30, S, 5264456, 15475
31, S, 5268981, 20978
32, E, 5270952, 13213
33, I, 5270806, 42376
34, H, 5271233, 88434
35, F, 5271117, 8004
36, K, 5270802, 17841
37, V, 5263176, 35516
38, K, 5258845, 20493
39, M, 5252088, 49485
40, T, 5232273, 22996
41, T, 5182094, 25312
42, H, 3707281, 66752
43, L, 3707225, 16837
44, K, 3707198, 73196
45, K, 3707193, 56294
46, L, 3707195, 18034
47, K, 3707186, 8639
48, E, 3707143, 19966
49, S, 3707114, 39737
50, Y, 3707063, 15366
51, C, 3707050, 10282
52, Q, 3707043, 43911
53, R, 3707023, 9986
54, Q, 3707001, 57057
55, G, 3706985, 14084
56, V, 3706965, 26284
57, P, 3706946, 16479
58, M, 3706904, 44673
59, N, 3706875, 42664
60, S, 3706856, 23536
61, L, 6240011, 24423
62, R, 6426655, 22209
63, F, 6471275, 11410
64, L, 6483887, 16105
65, F, 6488430, 14303
66, E, 6489269, 32649
67, G, 6489600, 14398
68, Q, 6489915, 63339
69, R, 6489649, 28424
70, I, 6488661, 15026
71, A, 6486478, 29207
72, D, 6483222, 13328
73, N, 6477419, 75807
74, H, 6462688, 53528
75, T, 6418213, 20176
76, P, 6130193, 8741
77, K, 2784715, 40965
78, E, 2784660, 20902
79, L, 2784618, 3305
80, G, 2784557, 11537
81, M, 2784515, 12710
82, E, 2784459, 31539
83, E, 2784301, 31845
84, E, 2784170, 75720
85, D, 2784020, 52089
86, V, 2783889, 78178
87, I, 2783699, 45675
88, E, 2783437, 32713
89, V, 2783122, 34401
90, Y, 2782376, 28585
91, Q, 2780101, 58941
92, E, 2778329, 30388
93, Q, 2775360, 30775
94, T, 2767928, 23470
95, G, 2757552, 2904
96, G, 2716705, 6357
97, *, 2593179, 0
