0, M, 2126472, 0
1, K, 2154350, 2393
2, A, 2164874, 2698
3, K, 2180656, 2604
4, L, 2184053, 2670
5, L, 2187084, 2239
6, V, 2187627, 3130
7, L, 2189343, 4809
8, L, 2193111, 3085
9, Y, 2194688, 3456
10, A, 2194755, 4037
11, F, 2194917, 3918
12, V, 2195257, 2822
13, A, 2195936, 1564
14, T, 2196490, 2447
15, D, 2196560, 3326
16, A, 2196492, 3408
17, D, 2196504, 2639
18, T, 2196597, 3576
19, I, 2196613, 3569
20, C, 2196836, 4508
21, I, 2196513, 4728
22, G, 2196279, 4065
23, Y, 2196385, 3716
24, H, 2196611, 4861
25, A, 2196709, 4525
26, N, 2196831, 4987
27, N, 2196843, 5108
28, S, 2196491, 5095
29, T, 2196439, 5013
30, D, 2196549, 4498
31, T, 2196649, 2687
32, V, 2196633, 4255
33, D, 2196730, 3028
34, T, 2196883, 3609
35, I, 2196800, 3121
36, L, 2196596, 2885
37, E, 2196610, 3367
38, K, 2196556, 2527
39, N, 2196539, 2596
40, V, 2196208, 2103
41, A, 2196235, 8372
42, V, 2196242, 6910
43, T, 2196273, 8114
44, H, 2196240, 2184
45, S, 2196064, 1489
46, V, 2196043, 4006
47, N, 2196066, 3639
48, L, 2195975, 3383
49, L, 2195974, 4154
50, E, 2196050, 5719
51, D, 2196005, 4851
52, S, 2195833, 5535
53, H, 2195676, 4176
54, N, 2195486, 4678
55, G, 2195375, 3746
56, K, 2195388, 3089
57, L, 2195298, 3359
58, C, 2195289, 4469
59, K, 2195149, 6714
60, L, 2194824, 6995
61, K, 2194618, 4610
62, G, 2194440, 3233
63, I, 2194314, 4199
64, A, 2193973, 4036
65, P, 2193863, 3556
66, L, 2193584, 2660
67, Q, 2193138, 4159
68, L, 2191670, 4559
69, G, 2191041, 8080
70, K, 2190312, 2085
71, C, 2183500, 5260
72, N, 2183301, 5671
73, I, 2183193, 4643
74, T, 2183176, 5649
75, G, 2183135, 4484
76, W, 2182818, 4011
77, L, 2182589, 3440
78, L, 2182267, 6473
79, G, 2181814, 5722
80, N, 2181292, 5532
81, P, 2180955, 6504
82, E, 2180587, 6484
83, C, 2180033, 3669
84, D, 2179893, 5039
85, S, 2180674, 3632
86, L, 2189771, 3977
87, L, 2283437, 12615
88, P, 4359475, 6299
89, A, 4386578, 8904
90, R, 4397346, 5014
91, S, 4409186, 3713
92, W, 4413377, 6358
93, S, 4416510, 5719
94, Y, 4417484, 7348
95, I, 4417254, 7023
96, V, 4416045, 5751
97, E, 4416015, 4922
98, T, 4414221, 4695
99, P, 4409750, 5744
100, N, 4406283, 3458
101, S, 4397269, 3801
102, E, 4384382, 9312
103, N, 4335629, 4420
104, G, 2372379, 14523
105, A, 2268857, 3780
106, C, 2252269, 3574
107, Y, 2251197, 3418
108, P, 2251218, 3907
109, G, 2251543, 3686
110, D, 2251529, 3847
111, L, 2251507, 3463
112, I, 2251598, 3175
113, D, 2251418, 4650
114, Y, 2251772, 6062
115, E, 2251638, 6048
116, E, 2251656, 4417
117, L, 2251654, 4252
118, R, 2251986, 4944
119, E, 2252138, 3369
120, Q, 2252183, 4961
121, L, 2252210, 3007
122, S, 2252209, 3147
123, S, 2252261, 3876
124, V, 2252423, 2989
125, S, 2252509, 2531
126, S, 2252554, 2206
127, L, 2252553, 2542
128, E, 2252773, 3294
129, R, 2252845, 2370
130, F, 2252837, 2365
131, E, 2252896, 2639
132, I, 2252923, 1656
133, F, 2252892, 2841
134, P, 2252888, 5432
135, K, 2252915, 7429
136, E, 2252932, 6574
137, S, 2252877, 5625
138, S, 2252870, 4285
139, W, 2252854, 6050
140, P, 2252854, 6516
141, N, 2252707, 6306
142, H, 2252637, 5292
143, T, 2252595, 5817
144, F, 2252461, 7217
145, N, 2252461, 8988
146, G, 2252220, 6729
147, V, 2252189, 5392
148, T, 2252196, 3506
149, V, 2252002, 3575
150, S, 2251964, 2877
151, C, 2251921, 4026
152, S, 2251878, 4462
153, H, 2251824, 3862
154, R, 2251791, 4970
155, G, 2251760, 3500
156, K, 2251760, 3167
157, S, 2251090, 3755
158, S, 2250987, 3060
159, F, 2250941, 3688
160, Y, 2250836, 4703
161, R, 2250737, 4927
162, N, 2250577, 3981
163, L, 2249805, 4037
164, L, 2249624, 2946
165, W, 2249259, 5775
166, L, 2248831, 3912
167, T, 2248184, 4151
168, K, 2243105, 5114
169, K, 2242949, 6196
170, G, 2242478, 5623
171, D, 2242264, 6303
172, S, 2241510, 4421
173, Y, 2241430, 4222
174, P, 2241280, 4564
175, K, 2241012, 6204
176, L, 2240610, 3644
177, T, 2238702, 3216
178, N, 2238152, 3735
179, S, 2242631, 4377
180, Y, 2327329, 9171
181, V, 3781146, 3771
182, N, 3824339, 4596
183, N, 3841736, 4080
184, K, 3853035, 5614
185, G, 3855970, 4175
186, K, 3857971, 4211
187, E, 3858604, 4537
188, V, 3858573, 3970
189, L, 3858180, 5521
190, V, 3858574, 4102
191, L, 3858102, 3615
192, W, 3857009, 5854
193, G, 3856111, 4676
194, V, 3844862, 5503
195, H, 3821035, 4578
196, H, 3798947, 3626
197, P, 2207760, 1527
198, S, 1658124, 2352
199, S, 1632022, 1337
200, S, 1628732, 1821
201, D, 1628964, 3544
202, E, 1629537, 3822
203, Q, 1629689, 2748
204, Q, 1629795, 3174
205, S, 1629779, 2375
206, L, 1629838, 3085
207, Y, 1630602, 3484
208, S, 1630643, 2659
209, N, 1630733, 3631
210, G, 1630796, 2645
211, N, 1630770, 2407
212, A, 1630967, 2313
213, Y, 1631060, 2262
214, V, 1631156, 2275
215, S, 1631386, 2729
216, V, 1631474, 2133
217, A, 1631297, 2374
218, S, 1631326, 2511
219, S, 1631474, 3183
220, N, 1631460, 2731
221, Y, 1631486, 5009
222, N, 1631522, 6780
223, R, 1631544, 4468
224, R, 1631576, 2617
225, F, 1631582, 4457
226, T, 1631615, 3411
227, P, 1631624, 5560
228, E, 1631661, 6740
229, I, 1631749, 4933
230, A, 1631219, 4974
231, A, 1631230, 6444
232, R, 1631206, 6354
233, P, 1631195, 3418
234, K, 1630512, 3806
235, V, 1630142, 3692
236, R, 1630000, 4056
237, D, 1629843, 2845
238, Q, 1629779, 5958
239, H, 1629678, 2101
240, G, 1629627, 2328
241, R, 1629556, 3946
242, M, 1629493, 3608
243, N, 1629463, 3978
244, Y, 1629393, 3424
245, Y, 1629305, 4517
246, W, 1629156, 7896
247, T, 1629111, 4008
248, L, 1629047, 4532
249, L, 1629007, 3038
250, E, 1628940, 3320
251, P, 1628833, 2729
252, G, 1628776, 4287
253, D, 1628676, 3436
254, T, 1628606, 3513
255, I, 1628064, 4909
256, I, 1627702, 4453
257, F, 1627372, 3737
258, E, 1626793, 3295
259, A, 1626581, 2396
260, T, 1626102, 2958
261, G, 1619658, 2957
262, N, 1619506, 3137
263, L, 1619456, 3069
264, I, 1619406, 3886
265, A, 1618954, 2269
266, P, 1618721, 2439
267, W, 1618655, 3119
268, Y, 1618485, 3316
269, A, 1618302, 3840
270, F, 1618214, 5328
271, A, 1618155, 3869
272, L, 1618106, 3501
273, S, 1617958, 4774
274, R, 1616953, 5550
275, G, 1622807, 4718
276, F, 1634845, 10308
277, E, 1779422, 21055
278, S, 3969390, 2063
279, G, 4005409, 8036
280, I, 4020380, 4677
281, I, 4030284, 3826
282, T, 4035126, 5656
283, S, 4038512, 8083
284, N, 4043589, 10545
285, A, 4044477, 6096
286, S, 4044274, 4922
287, M, 4043296, 6951
288, H, 4039950, 6687
289, E, 4036947, 7108
290, C, 4028492, 7220
291, N, 4003199, 6588
292, T, 2769893, 5404
293, K, 2453811, 7982
294, C, 2435279, 6306
295, Q, 2434312, 4788
296, T, 2434583, 4175
297, P, 2434735, 3241
298, Q, 2435085, 6612
299, G, 2436092, 5493
300, A, 2435971, 6758
301, I, 2435762, 4491
302, N, 2435782, 4258
303, S, 2435771, 3239
304, N, 2436047, 2156
305, L, 2435717, 4284
306, P, 2435724, 8765
307, F, 2435789, 6663
308, Q, 2435716, 7760
309, N, 2436173, 4230
310, I, 2436139, 4969
311, H, 2436111, 5764
312, P, 2436240, 4835
313, V, 2436217, 6538
314, T, 2436343, 6507
315, I, 2436381, 6495
316, G, 2436216, 8812
317, E, 2436168, 8861
318, C, 2436181, 6985
319, P, 2436197, 9889
320, K, 2436484, 5591
321, Y, 2436131, 4917
322, V, 2436116, 5533
323, R, 2436170, 9679
324, S, 2436239, 8049
325, T, 2436271, 3695
326, K, 2436304, 4750
327, L, 2436105, 6338
328, R, 2436021, 6273
329, M, 2435993, 5064
330, V, 2435988, 4376
331, T, 2435993, 4289
332, G, 2435964, 4894
333, L, 2435936, 4387
334, R, 2435840, 2978
335, N, 2435765, 5008
336, I, 2435498, 3577
337, P, 2435358, 4807
338, S, 2435289, 4688
339, I, 2435155, 3714
340, Q, 2435079, 4713
341, Y, 2434651, 5203
342, R, 2434220, 7162
343, G, 2434014, 5036
344, L, 2433999, 4694
345, F, 2433971, 5103
346, G, 2433884, 4605
347, A, 2433650, 4838
348, I, 2433544, 6124
349, A, 2433206, 9221
350, G, 2433057, 5727
351, F, 2432999, 10032
352, I, 2432892, 9935
353, E, 2432719, 6912
354, G, 2432454, 7699
355, G, 2432030, 8733
356, W, 2431660, 9910
357, T, 2430826, 8392
358, G, 2424470, 8528
359, M, 2424437, 9821
360, I, 2424401, 10124
361, D, 2424381, 4290
362, G, 2424337, 3938
363, W, 2423233, 6275
364, Y, 2423170, 4504
365, G, 2422915, 3434
366, Y, 2422725, 3834
367, H, 2422358, 5108
368, H, 2422189, 4530
369, Q, 2421717, 6803
370, N, 2420864, 4774
371, E, 2422208, 5124
372, Q, 2435524, 8807
373, G, 2986896, 11631
374, S, 4048472, 6478
375, G, 4065121, 7096
376, Y, 4071884, 7372
377, A, 4070257, 11611
378, A, 4071580, 11170
379, D, 4071270, 9485
380, Q, 4071412, 12833
381, K, 4067048, 7315
382, S, 4065166, 7127
383, T, 4059959, 7286
384, Q, 4056875, 7699
385, N, 4042227, 4547
386, A, 4033660, 5555
387, I, 4016266, 4795
388, N, 3977490, 5295
389, G, 1681427, 6771
390, I, 1663892, 3017
391, T, 1660701, 5041
392, N, 1660844, 2984
393, K, 1660852, 4169
394, V, 1660928, 4014
395, N, 1661364, 2395
396, S, 1661355, 1727
397, V, 1661355, 2951
398, I, 1661429, 3394
399, E, 1661448, 3765
400, K, 1661524, 2571
401, M, 1661601, 3658
402, N, 1661775, 4971
403, T, 1661872, 3693
404, Q, 1661949, 4718
405, F, 1661967, 4040
406, T, 1662062, 2458
407, A, 1662082, 2712
408, V, 1662100, 3333
409, G, 1662129, 3615
410, K, 1662581, 3411
411, E, 1662659, 3530
412, F, 1662666, 4254
413, N, 1662747, 4698
414, N, 1662769, 4156
415, L, 1662791, 2283
416, E, 1662855, 1859
417, K, 1663110, 1605
418, R, 1663031, 5685
419, M, 1663026, 2382
420, E, 1663053, 1656
421, N, 1663052, 1535
422, L, 1663050, 1789
423, N, 1663058, 2339
424, K, 1663060, 3497
425, K, 1663063, 2470
426, V, 1662971, 1727
427, D, 1662985, 2425
428, D, 1662985, 2511
429, G, 1662975, 3318
430, F, 1662980, 2935
431, L, 1662986, 3245
432, D, 1663025, 3348
433, I, 1663056, 3189
434, W, 1663026, 4905
435, T, 1663046, 3045
436, Y, 1663053, 2494
437, N, 1663056, 3421
438, A, 1663097, 2768
439, E, 1663102, 2775
440, L, 1663094, 2044
441, L, 1663074, 1656
442, V, 1663016, 1779
443, L, 1662974, 3141
444, L, 1662975, 2040
445, E, 1662987, 2456
446, N, 1663034, 2275
447, E, 1662896, 2125
448, R, 1662685, 3085
449, T, 1662522, 2585
450, L, 1662356, 2562
451, D, 1662060, 1744
452, F, 1661468, 2322
453, H, 1660197, 3034
454, D, 1657521, 2543
455, L, 1657503, 2545
456, N, 1657503, 2657
457, V, 1657453, 2246
458, K, 1657276, 3109
459, N, 1657196, 2004
460, L, 1657160, 1467
461, Y, 1657090, 3131
462, E, 1657940, 3123
463, K, 1662029, 2933
464, V, 1851070, 5643
465, K, 3566662, 2122
466, S, 3588429, 5093
467, Q, 3597024, 4128
468, L, 3602444, 2801
469, K, 3604569, 3274
470, N, 3607527, 3553
471, N, 3607910, 4592
472, A, 3609107, 5354
473, K, 3609383, 5361
474, E, 3610208, 6201
475, I, 3609151, 3100
476, G, 3609037, 5241
477, N, 3607490, 4435
478, G, 3604686, 4430
479, C, 3602223, 4574
480, F, 3589775, 4317
481, E, 3580658, 5423
482, F, 3561886, 3498
483, Y, 1994508, 15560
484, H, 1966263, 3530
485, K, 1954314, 3816
486, C, 1954340, 3354
487, D, 1954350, 3831
488, N, 1954366, 4102
489, E, 1954354, 3848
490, C, 1954369, 2589
491, M, 1954373, 3446
492, E, 1954368, 4767
493, S, 1954369, 2845
494, V, 1954406, 3040
495, R, 1953903, 3261
496, N, 1954062, 3566
497, G, 1953864, 2991
498, T, 1953875, 2207
499, Y, 1953890, 2775
500, D, 1953855, 2345
501, Y, 1953847, 2574
502, P, 1953814, 4522
503, K, 1954017, 2925
504, Y, 1953956, 1453
505, S, 1953746, 2302
506, E, 1953748, 2522
507, E, 1953732, 3543
508, S, 1953707, 4287
509, K, 1953717, 2905
510, L, 1953079, 2147
511, N, 1953007, 3838
512, R, 1952884, 4485
513, E, 1952808, 3294
514, K, 1952206, 3993
515, I, 1952015, 3913
516, D, 1951754, 3777
517, G, 1951727, 4283
518, V, 1951695, 3034
519, K, 1951685, 3890
520, L, 1951569, 2886
521, E, 1951363, 2902
522, S, 1951265, 2038
523, M, 1950892, 3809
524, G, 1950773, 3245
525, V, 1950719, 3705
526, Y, 1950683, 4540
527, Q, 1950351, 3769
528, I, 1950272, 2179
529, L, 1950203, 3787
530, A, 1950134, 6486
531, I, 1950079, 988
532, Y, 1949852, 2019
533, S, 1949743, 1411
534, T, 1949592, 1439
535, V, 1949404, 4525
536, A, 1949355, 4554
537, S, 1949088, 3885
538, S, 1948764, 3271
539, L, 1948169, 4323
540, V, 1947759, 4585
541, L, 1947489, 5887
542, L, 1947195, 3339
543, V, 1946107, 2935
544, S, 1945355, 3305
545, L, 1938864, 5093
546, G, 1938503, 3178
547, A, 1937684, 5242
548, I, 1937427, 2932
549, S, 1937334, 2273
550, F, 1936959, 3861
551, W, 1936238, 5227
552, M, 1935623, 4294
553, C, 1935391, 2713
554, S, 1934355, 3153
555, N, 1931947, 3146
556, G, 1930897, 3472
557, S, 1929460, 3033
558, L, 1928869, 3735
559, Q, 1926804, 4538
560, C, 1924009, 3933
561, R, 1923095, 3676
562, I, 1917742, 2276
563, C, 1910081, 2169
564, I, 1900796, 799
565, *, 1887402, 0
