0, M, 2217920, 0
1, K, 2246692, 2422
2, A, 2256456, 2069
3, K, 2272676, 2286
4, L, 2276055, 1426
5, L, 2279247, 1100
6, V, 2279819, 1946
7, L, 2281653, 1920
8, L, 2285797, 1593
9, Y, 2287377, 3323
10, A, 2287403, 3427
11, F, 2287596, 2016
12, V, 2287963, 1942
13, A, 2288573, 1229
14, T, 2289179, 1230
15, D, 2289266, 1418
16, A, 2289201, 2124
17, D, 2289205, 1362
18, T, 2289311, 3058
19, I, 2289334, 1851
20, C, 2289603, 1384
21, I, 2289269, 2016
22, G, 2289023, 1461
23, Y, 2289069, 1435
24, H, 2289269, 1824
25, A, 2289342, 1977
26, N, 2289505, 1409
27, N, 2289509, 1081
28, S, 2289047, 1632
29, T, 2288971, 1980
30, D, 2289100, 1970
31, T, 2289202, 1187
32, V, 2289176, 1415
33, D, 2289243, 1358
34, T, 2289393, 1700
35, I, 2289332, 1292
36, L, 2289105, 3475
37, E, 2289117, 2212
38, K, 2288993, 1304
39, N, 2288928, 1298
40, V, 2288599, 1135
41, A, 2288612, 2751
42, V, 2288596, 1128
43, T, 2288612, 1262
44, H, 2288555, 998
45, S, 2288356, 845
46, V, 2288334, 2150
47, N, 2288356, 1626
48, L, 2288247, 978
49, L, 2288246, 1054
50, E, 2288315, 2687
51, D, 2288260, 2536
52, S, 2288067, 4628
53, H, 2287901, 1543
54, N, 2287695, 1526
55, G, 2287538, 2253
56, K, 2287553, 2220
57, L, 2287472, 1087
58, C, 2287443, 1577
59, K, 2287304, 3890
60, L, 2286934, 1843
61, K, 2286706, 3349
62, G, 2286498, 1206
63, I, 2286389, 2835
64, A, 2285980, 2739
65, P, 2285873, 1024
66, L, 2285552, 1030
67, Q, 2285075, 3228
68, L, 2283629, 1213
69, G, 2282984, 3322
70, K, 2282249, 3056
71, C, 2275130, 1135
72, N, 2274941, 2867
73, I, 2274835, 1543
74, T, 2274808, 2876
75, G, 2274733, 1527
76, W, 2274378, 1837
77, L, 2274159, 1266
78, L, 2273783, 1306
79, G, 2273291, 1456
80, N, 2272735, 1254
81, P, 2272355, 1120
82, E, 2271936, 1633
83, C, 2271371, 1140
84, D, 2271247, 1526
85, S, 2272007, 3186
86, L, 2282730, 1525
87, L, 2383605, 11203
88, P, 4640956, 5774
89, A, 4670385, 9003
90, R, 4682204, 5123
91, S, 4695349, 3061
92, W, 4700346, 4538
93, S, 4703854, 2752
94, Y, 4705236, 3299
95, I, 4704781, 2021
96, V, 4703645, 2964
97, E, 4703719, 2556
98, T, 4701915, 4848
99, P, 4697072, 4715
100, N, 4692894, 3269
101, S, 4683428, 3140
102, E, 4670156, 8233
103, N, 4617058, 3515
104, G, 2572589, 12310
105, A, 2467522, 2841
106, C, 2450030, 1444
107, Y, 2448835, 1078
108, P, 2448850, 973
109, G, 2449235, 1155
110, D, 2449223, 1790
111, L, 2449197, 2053
112, I, 2449309, 3637
113, D, 2449107, 2150
114, Y, 2449553, 2469
115, E, 2449412, 3244
116, E, 2449445, 3058
117, L, 2449458, 1163
118, R, 2449809, 3006
119, E, 2449946, 2202
120, Q, 2450019, 2800
121, L, 2450034, 1155
122, S, 2450028, 2551
123, S, 2450093, 2540
124, V, 2450273, 2001
125, S, 2450355, 2222
126, S, 2450389, 1942
127, L, 2450397, 1550
128, E, 2450640, 1677
129, R, 2450721, 1170
130, F, 2450712, 1277
131, E, 2450781, 1717
132, I, 2450824, 1059
133, F, 2450785, 1621
134, P, 2450793, 2414
135, K, 2450802, 4885
136, E, 2450814, 3763
137, S, 2450759, 4102
138, S, 2450739, 2993
139, W, 2450730, 2497
140, P, 2450725, 3223
141, N, 2450524, 1353
142, H, 2450455, 2763
143, T, 2450398, 2042
144, F, 2450235, 4821
145, N, 2450215, 6969
146, G, 2449951, 2338
147, V, 2449916, 4538
148, T, 2449922, 1320
149, V, 2449674, 5498
150, S, 2449651, 1765
151, C, 2449606, 1799
152, S, 2449544, 8144
153, H, 2449485, 5250
154, R, 2449478, 5401
155, G, 2449459, 3092
156, K, 2449437, 3827
157, S, 2448538, 3843
158, S, 2448431, 2201
159, F, 2448381, 939
160, Y, 2448257, 1276
161, R, 2448157, 2477
162, N, 2447969, 1084
163, L, 2447086, 1576
164, L, 2446935, 1060
165, W, 2446533, 2565
166, L, 2446040, 1587
167, T, 2445265, 2604
168, K, 2439728, 3714
169, K, 2439536, 6146
170, G, 2438990, 3549
171, D, 2438763, 3167
172, S, 2437989, 4814
173, Y, 2437895, 1919
174, P, 2437753, 10753
175, K, 2437446, 6856
176, L, 2437018, 2238
177, T, 2434926, 2816
178, N, 2434196, 2501
179, S, 2439003, 3492
180, Y, 2528427, 6867
181, V, 4063558, 3618
182, N, 4109759, 2791
183, N, 4128028, 3692
184, K, 4140080, 4988
185, G, 4142912, 4197
186, K, 4145132, 3007
187, E, 4145769, 3625
188, V, 4145592, 2456
189, L, 4145150, 2635
190, V, 4145495, 2358
191, L, 4145012, 2081
192, W, 4143941, 3765
193, G, 4142923, 2443
194, V, 4130908, 3621
195, H, 4105357, 3233
196, H, 4081363, 2870
197, P, 2356260, 979
198, S, 1753070, 2911
199, S, 1724470, 1335
200, S, 1720715, 1712
201, D, 1720957, 1660
202, E, 1721513, 1262
203, Q, 1721663, 1271
204, Q, 1721835, 2421
205, S, 1721810, 1561
206, L, 1721864, 1007
207, Y, 1722723, 1085
208, S, 1722789, 2495
209, N, 1722881, 3802
210, G, 1722975, 2846
211, N, 1722937, 2971
212, A, 1723113, 2484
213, Y, 1723060, 1569
214, V, 1723143, 1067
215, S, 1723364, 1999
216, V, 1723549, 952
217, A, 1723373, 2602
218, S, 1723401, 1199
219, S, 1723593, 4631
220, N, 1723597, 2345
221, Y, 1723598, 1812
222, N, 1723686, 6113
223, R, 1723698, 3342
224, R, 1723727, 1440
225, F, 1723649, 2737
226, T, 1723760, 2768
227, P, 1723780, 3126
228, E, 1723813, 5183
229, I, 1723897, 3142
230, A, 1723307, 4720
231, A, 1723293, 8288
232, R, 1723204, 1943
233, P, 1723193, 2933
234, K, 1722460, 4265
235, V, 1722008, 3742
236, R, 1721904, 3248
237, D, 1721764, 1404
238, Q, 1721709, 2486
239, H, 1721604, 2064
240, G, 1721569, 1154
241, R, 1721504, 1875
242, M, 1721421, 1455
243, N, 1721407, 2880
244, Y, 1721333, 949
245, Y, 1721228, 1274
246, W, 1721059, 1547
247, T, 1721008, 2062
248, L, 1720921, 1467
249, L, 1720865, 1185
250, E, 1720781, 2477
251, P, 1720640, 1447
252, G, 1720560, 2824
253, D, 1720450, 1835
254, T, 1720385, 2253
255, I, 1719820, 1739
256, I, 1719452, 4495
257, F, 1719014, 1369
258, E, 1718429, 1888
259, A, 1718172, 1556
260, T, 1717657, 1258
261, G, 1710893, 769
262, N, 1710727, 661
263, L, 1710667, 1060
264, I, 1710605, 2117
265, A, 1710115, 1007
266, P, 1709858, 615
267, W, 1709853, 1908
268, Y, 1709673, 1115
269, A, 1709486, 1184
270, F, 1709398, 1087
271, A, 1709323, 2291
272, L, 1709281, 1950
273, S, 1709163, 3699
274, R, 1708031, 1300
275, G, 1714591, 2869
276, F, 1727391, 10199
277, E, 1883032, 21223
278, S, 4240807, 1222
279, G, 4281996, 5366
280, I, 4298823, 2170
281, I, 4309540, 2946
282, T, 4314578, 4640
283, S, 4318521, 3113
284, N, 4323928, 6439
285, A, 4324801, 5981
286, S, 4324551, 3706
287, M, 4323631, 5444
288, H, 4320014, 6145
289, E, 4316823, 5213
290, C, 4307395, 2981
291, N, 4281257, 4715
292, T, 2977633, 1679
293, K, 2645884, 6923
294, C, 2625098, 1492
295, Q, 2624112, 2691
296, T, 2624379, 2269
297, P, 2624528, 1185
298, Q, 2624892, 6720
299, G, 2626009, 1423
300, A, 2625874, 1782
301, I, 2625636, 2149
302, N, 2625675, 3556
303, S, 2625629, 2127
304, N, 2625953, 1840
305, L, 2625555, 3031
306, P, 2625571, 4216
307, F, 2625622, 1724
308, Q, 2625527, 2542
309, N, 2625978, 1412
310, I, 2625919, 2625
311, H, 2628676, 3395
312, P, 2644349, 2388
313, V, 2644512, 3556
314, T, 2644760, 3590
315, I, 2644845, 2091
316, G, 2644703, 1370
317, E, 2644703, 4727
318, C, 2644722, 3120
319, P, 2644806, 5930
320, K, 2645127, 3582
321, Y, 2644718, 1626
322, V, 2644967, 3185
323, R, 2651637, 3733
324, S, 2651786, 2153
325, T, 2651826, 3637
326, K, 2651888, 1913
327, L, 2651680, 1008
328, R, 2651599, 2705
329, M, 2651406, 2362
330, V, 2651381, 1188
331, T, 2651380, 1829
332, G, 2651405, 1754
333, L, 2651307, 2126
334, R, 2651189, 1292
335, N, 2651112, 1514
336, I, 2650777, 4332
337, P, 2650488, 2342
338, S, 2650408, 4157
339, I, 2650269, 2118
340, Q, 2650211, 2061
341, Y, 2649760, 1762
342, R, 2649197, 2018
343, G, 2648919, 1220
344, L, 2648912, 1565
345, F, 2648883, 1733
346, G, 2648802, 2496
347, A, 2648532, 2097
348, I, 2648426, 1643
349, A, 2648071, 2877
350, G, 2647877, 1105
351, F, 2647790, 977
352, I, 2647647, 2089
353, E, 2647427, 2917
354, G, 2647093, 1439
355, G, 2646633, 2040
356, W, 2646138, 2471
357, T, 2645289, 3145
358, G, 2638468, 1784
359, M, 2638401, 2822
360, I, 2638346, 6064
361, D, 2638317, 1379
362, G, 2638246, 1275
363, W, 2636998, 2023
364, Y, 2636916, 1583
365, G, 2636629, 1098
366, Y, 2636389, 1269
367, H, 2635948, 2561
368, H, 2635738, 2111
369, Q, 2635195, 5046
370, N, 2634320, 1180
371, E, 2635873, 2837
372, Q, 2650543, 4864
373, G, 3255831, 7087
374, S, 4425341, 2748
375, G, 4443498, 4001
376, Y, 4450897, 2256
377, A, 4449019, 7019
378, A, 4450457, 4206
379, D, 4450111, 4069
380, Q, 4450135, 10579
381, K, 4445323, 4387
382, S, 4443130, 5680
383, T, 4437501, 3359
384, Q, 4433776, 3501
385, N, 4417258, 4513
386, A, 4407947, 4030
387, I, 4386679, 2049
388, N, 4347620, 2583
389, G, 1850118, 11949
390, I, 1830478, 1021
391, T, 1827210, 2352
392, N, 1827329, 1796
393, K, 1827322, 1461
394, V, 1827408, 1031
395, N, 1827927, 1117
396, S, 1827903, 1106
397, V, 1827924, 1361
398, I, 1827999, 1101
399, E, 1827999, 2228
400, K, 1828071, 1677
401, M, 1828139, 1715
402, N, 1828348, 3241
403, T, 1828427, 3218
404, Q, 1828534, 2522
405, F, 1828542, 2207
406, T, 1828638, 2177
407, A, 1828648, 2177
408, V, 1828679, 2030
409, G, 1828713, 2694
410, K, 1829198, 1616
411, E, 1829261, 2363
412, F, 1829269, 1051
413, N, 1829336, 2622
414, N, 1829362, 3632
415, L, 1829371, 817
416, E, 1829440, 752
417, K, 1829691, 804
418, R, 1829600, 3963
419, M, 1829590, 1919
420, E, 1829623, 1447
421, N, 1829623, 947
422, L, 1829611, 805
423, N, 1829621, 918
424, K, 1829621, 1036
425, K, 1829604, 718
426, V, 1829499, 1079
427, D, 1829509, 1080
428, D, 1829511, 1222
429, G, 1829510, 1526
430, F, 1829515, 800
431, L, 1829524, 1733
432, D, 1829535, 1829
433, I, 1829562, 807
434, W, 1829511, 1974
435, T, 1829534, 1388
436, Y, 1829529, 1091
437, N, 1829522, 1293
438, A, 1829594, 1627
439, E, 1829618, 895
440, L, 1829593, 804
441, L, 1829559, 867
442, V, 1829501, 818
443, L, 1829465, 782
444, L, 1829453, 1079
445, E, 1829517, 1021
446, N, 1829601, 798
447, E, 1829419, 1471
448, R, 1829185, 1989
449, T, 1829006, 704
450, L, 1828831, 1058
451, D, 1828502, 1136
452, F, 1827828, 1360
453, H, 1826421, 1497
454, D, 1823385, 1094
455, L, 1823365, 2093
456, N, 1823364, 858
457, V, 1823298, 1033
458, K, 1823103, 1529
459, N, 1823026, 1207
460, L, 1823012, 601
461, Y, 1822930, 1241
462, E, 1823833, 1835
463, K, 1828280, 1985
464, V, 2029596, 5161
465, K, 3863455, 1091
466, S, 3887013, 5244
467, Q, 3896236, 3541
468, L, 3902311, 1644
469, K, 3904672, 2999
470, N, 3907957, 2639
471, N, 3908149, 2820
472, A, 3909330, 3360
473, K, 3909519, 6044
474, E, 3910100, 2989
475, I, 3908783, 2831
476, G, 3908672, 3108
477, N, 3906836, 2080
478, G, 3903465, 2831
479, C, 3900433, 2805
480, F, 3885690, 1976
481, E, 3875242, 3921
482, F, 3853770, 1090
483, Y, 2133813, 13815
484, H, 2102165, 1138
485, K, 2088947, 2797
486, C, 2088957, 1179
487, D, 2088969, 2036
488, N, 2088973, 1369
489, E, 2088952, 2713
490, C, 2088964, 1315
491, M, 2088972, 2001
492, E, 2088990, 3123
493, S, 2088997, 1795
494, V, 2089037, 1327
495, R, 2088515, 1358
496, N, 2088760, 6058
497, G, 2088544, 1748
498, T, 2088538, 3490
499, Y, 2088583, 1197
500, D, 2088536, 1892
501, Y, 2088526, 1699
502, P, 2088476, 3004
503, K, 2088648, 2619
504, Y, 2088580, 825
505, S, 2088368, 2070
506, E, 2088376, 2822
507, E, 2088348, 2198
508, S, 2088314, 4286
509, K, 2088309, 3824
510, L, 2087578, 1580
511, N, 2087495, 4187
512, R, 2087333, 3451
513, E, 2087226, 1831
514, K, 2086557, 4323
515, I, 2086344, 1903
516, D, 2086032, 2851
517, G, 2086007, 4961
518, V, 2085979, 1286
519, K, 2085970, 3111
520, L, 2085850, 2031
521, E, 2085608, 2069
522, S, 2085475, 1402
523, M, 2084979, 3541
524, G, 2084818, 2093
525, V, 2084708, 2718
526, Y, 2084599, 2737
527, Q, 2084231, 2932
528, I, 2084140, 1648
529, L, 2084036, 1076
530, A, 2083003, 2212
531, I, 2082914, 959
532, Y, 2082648, 1606
533, S, 2082504, 1163
534, T, 2082344, 1106
535, V, 2082106, 1907
536, A, 2082050, 1960
537, S, 2081774, 2089
538, S, 2081386, 1221
539, L, 2080645, 2008
540, V, 2080164, 1997
541, L, 2079851, 3005
542, L, 2079542, 2377
543, V, 2078357, 1056
544, S, 2077465, 2029
545, L, 2070335, 1433
546, G, 2069873, 1106
547, A, 2068942, 1948
548, I, 2068622, 1456
549, S, 2068534, 1515
550, F, 2068128, 2282
551, W, 2067280, 2412
552, M, 2066567, 2043
553, C, 2066307, 1653
554, S, 2065111, 2436
555, N, 2062637, 1520
556, G, 2061368, 1576
557, S, 2059877, 1762
558, L, 2059312, 1197
559, Q, 2057232, 3122
560, C, 2054298, 2721
561, R, 2053277, 2097
562, I, 2047326, 1166
563, C, 2039252, 1623
564, I, 2030131, 953
565, *, 2015110, 0
